103.6052, 102.5836, 66.1821, 24.7836, 7.3945, 6.9315, 4.8918, 4.7726, 2.7726, 2.7726, 
113.6052, 104.4161, 103.6052, 103.6052, 103.6052, 102.5836, 5.6052, 4.3945, 3.8918, 2.7726, 
113.6052, 104.4161, 103.9698, 103.6052, 103.6052, 103.6052, 8.4161, 6.6052, 5.6052, 2.7726, 
134.4161, 113.6052, 104.4161, 103.6052, 103.6052, 103.6052, 103.6052, 103.6052, 81.4161, 53.6052, 
134.4161, 114.4161, 113.6052, 113.6052, 103.6052, 103.6052, 103.6052, 103.6052, 6.4161, 0, 
134.4161, 114.4161, 113.6052, 113.6052, 103.6052, 38.7808, 18.6052, 8.6052, 5.6052, 0, 
134.4161, 114.4161, 113.6052, 104.4161, 103.6052, 55.3561, 6.6052, 6.6052, 5.6052, 0, 
134.4161, 115.6644, 114.4161, 104.4161, 37.6052, 20.4161, 8.6052, 6.6052, 0, 0, 
134.4161, 134.4161, 115.6644, 104.4161, 104.4161, 64.4161, 37.6052, 20.4161, 7.4161, 5.9915, 
134.4161, 134.4161, 104.4161, 30.4161, 28.4161, 21.4161, 10.4161, 6.4161, 0, 0, 
134.4161, 134.4161, 30.4161, 24.4161, 23.4161, 13.7003, 13.4161, 6.4161, 6.4161, 0, 
134.4161, 134.4161, 114.4161, 54.4161, 30.9915, 8.4161, 6.4161, 0, 0, 0, 
134.4161, 134.4161, 104.4161, 24.4161, 23.4161, 19.9915, 9.4161, 7.4161, 6.4161, 0, 
134.4161, 134.4161, 114.4161, 114.4161, 114.4161, 64.9698, 31.4161, 22.9915, 21.4161, 7.4161, 
134.4161, 134.4161, 114.4161, 104.4161, 104.4161, 81.9915, 11.9698, 8.4161, 7.4161, 0, 
134.4161, 134.4161, 114.4161, 104.4161, 54.9698, 33.4161, 22.4161, 10.4161, 4.7958, 0, 
134.4161, 134.4161, 124.4161, 114.4161, 104.4161, 104.4161, 21.4161, 7.4161, 4.7958, 0, 
134.4161, 134.4161, 114.4161, 104.4161, 104.4161, 104.4161, 13.4161, 8.4161, 7.4161, 6.4161, 
134.4161, 134.4161, 124.4161, 33.4161, 30.4161, 18.4161, 10.4161, 10.0891, 4.7958, 0, 
134.4161, 134.4161, 124.4161, 114.4161, 114.4161, 17.4161, 10.4161, 7.4161, 0, 0, 
134.4161, 134.4161, 124.4161, 114.4161, 54.4161, 7.4161, 7.4161, 0, 0, 0, 
134.4161, 134.4161, 104.4161, 104.4161, 22.4161, 6.4161, 6.4161, 5.7808, 5.4161, 0, 
134.4161, 134.4161, 124.4161, 104.4161, 104.4161, 21.4161, 9.4161, 8.4161, 7.4161, 5.4161, 
134.4161, 134.4161, 114.4161, 105.1821, 104.4161, 104.4161, 11.4161, 10.4161, 0, 0, 
134.4161, 134.4161, 104.4161, 103.9698, 35.4161, 23.4161, 23.4161, 7.4161, 0, 0, 
134.4161, 134.4161, 114.4161, 104.4161, 71.4161, 24.4161, 10.4161, 8.4161, 5.4161, 5.4161, 
134.4161, 134.4161, 104.4161, 104.4161, 104.4161, 35.4161, 18.4161, 6.4161, 0, 0, 
134.4161, 134.4161, 114.4161, 104.4161, 104.4161, 18.4161, 8.4161, 7.4161, 4.9698, 0, 
134.4161, 134.4161, 104.4161, 104.4161, 84.1209, 9.4161, 6.4161, 6.4161, 5.4161, 0, 
134.4161, 134.4161, 104.4161, 14.4161, 10.4161, 9.4161, 9.4161, 6.4161, 5.4161, 0, 
134.4161, 134.4161, 104.4161, 104.4161, 104.4161, 104.4161, 104.4161, 13.4161, 9.4161, 6.4161, 
134.4161, 134.4161, 104.4161, 104.4161, 35.4161, 14.4161, 9.4161, 6.4161, 0, 0, 
134.4161, 134.4161, 124.4161, 114.4161, 114.4161, 104.4161, 104.4161, 104.4161, 100.1821, 5.4161, 
134.4161, 134.4161, 134.4161, 91.4161, 71.2781, 34.4161, 32.4161, 5.4161, 5.4161, 4.9698, 
134.4161, 134.4161, 104.4161, 91.2781, 71.4161, 13.4161, 11.4161, 7.4161, 7.4161, 0, 
134.4161, 134.4161, 134.4161, 124.4161, 71.2781, 10.2781, 9.4161, 8.4161, 7.4161, 6.4161, 
134.4161, 134.4161, 124.4161, 114.4161, 114.4161, 104.4161, 15.7958, 6.4161, 5.4161, 0, 
134.4161, 134.4161, 134.4161, 104.4161, 56.4161, 43.4161, 23.4161, 13.4161, 9.4161, 6.4161, 
134.4161, 134.4161, 124.4161, 124.4161, 114.4161, 64.7808, 32.4161, 20.4161, 11.4161, 8.4161, 
134.4161, 134.4161, 114.4161, 114.4161, 64.7808, 8.4161, 6.7808, 5.4161, 0, 0, 
134.4161, 134.4161, 71.9915, 64.7808, 25.4161, 8.7808, 8.4161, 7.4161, 5.7958, 0, 
134.4161, 134.4161, 124.4161, 124.4161, 114.4161, 104.4161, 104.4161, 54.7808, 19.4161, 5.5452, 
134.4161, 134.4161, 114.4161, 104.4161, 104.4161, 22.4161, 10.4161, 7.4161, 6.4161, 0, 
134.4161, 134.4161, 124.4161, 104.4161, 104.4161, 22.4161, 18.4161, 8.4161, 7.4161, 0, 
134.4161, 134.4161, 134.4161, 114.4161, 8.4161, 6.4161, 5.4161, 4.7958, 0, 0, 
134.4161, 134.4161, 114.4161, 104.4161, 18.4161, 12.4161, 9.4161, 6.4161, 5.9698, 0, 
134.4161, 134.4161, 114.4161, 114.4161, 104.4161, 25.4161, 12.4161, 8.4161, 6.4161, 0, 
134.4161, 134.4161, 124.4161, 104.4161, 104.4161, 104.4161, 104.4161, 0, 0, 0, 
134.4161, 134.4161, 104.4161, 21.4161, 6.4161, 6.4161, 6.4161, 0, 0, 0, 
134.4161, 134.4161, 114.4161, 104.4161, 104.4161, 104.4161, 21.4161, 12.4161, 0, 0, 
134.4161, 134.4161, 114.4161, 104.4161, 8.4161, 7.4161, 7.4161, 6.4161, 5.4161, 5.4161, 
134.4161, 134.4161, 104.4161, 104.4161, 104.4161, 104.4161, 23.4161, 12.4161, 8.4161, 0, 
134.4161, 134.4161, 134.4161, 124.4161, 124.4161, 104.4161, 104.4161, 104.4161, 7.4161, 0, 
134.4161, 134.4161, 114.4161, 104.4161, 104.4161, 104.4161, 34.4161, 6.1821, 0, 0, 
134.4161, 134.4161, 124.4161, 104.4161, 23.4161, 19.4161, 0, 0, 0, 0, 
134.4161, 134.4161, 114.4161, 114.4161, 104.4161, 104.4161, 15.7958, 12.4161, 6.4161, 5.4161, 
134.4161, 134.4161, 134.4161, 123.9698, 104.4161, 104.4161, 22.4161, 6.4161, 4.7958, 0, 
134.4161, 134.4161, 114.4161, 114.4161, 104.4161, 104.4161, 104.4161, 10.4161, 0, 0, 
134.4161, 134.4161, 114.4161, 104.4161, 104.4161, 104.4161, 23.4161, 22.4161, 4.7958, 0, 
134.4161, 134.4161, 124.4161, 124.4161, 104.4161, 13.4161, 9.4161, 5.4161, 0, 0, 
134.4161, 134.4161, 104.6664, 104.4161, 104.4161, 23.4161, 21.4161, 7.4161, 6.4161, 0, 
134.4161, 134.4161, 114.4161, 114.4161, 114.4161, 104.4161, 28.4161, 23.4161, 0, 0, 
134.4161, 134.4161, 114.4161, 104.4161, 104.4161, 12.4161, 9.4161, 9.4161, 7.9915, 0, 
134.4161, 134.4161, 104.4161, 104.4161, 28.4161, 15.4161, 13.4161, 8.4161, 7.6644, 0, 
134.4161, 134.4161, 114.4161, 104.4161, 104.4161, 104.4161, 90.9698, 8.4161, 7.4161, 0, 
134.4161, 134.4161, 104.4161, 104.4161, 19.4161, 8.7808, 7.7808, 7.3945, 0, 0, 
134.4161, 134.4161, 104.7808, 104.4161, 104.4161, 104.4161, 11.4161, 8.4161, 7.4161, 0, 
134.4161, 134.4161, 114.4161, 104.4161, 104.4161, 20.4161, 19.4161, 13.4161, 9.4161, 5.4161, 
134.4161, 134.4161, 114.4161, 104.4161, 19.4161, 7.4161, 6.4161, 4.7958, 0, 0, 
134.4161, 134.4161, 124.7808, 124.4161, 114.4161, 114.4161, 104.4161, 104.4161, 11.4161, 0, 
134.4161, 134.4161, 114.4161, 104.4161, 23.4161, 8.4161, 7.4161, 6.4161, 5.4161, 5.4161, 
134.4161, 134.4161, 114.4161, 104.4161, 104.4161, 104.4161, 104.4161, 10.4161, 8.4161, 7.4161, 
134.4161, 134.4161, 114.4161, 104.4161, 104.4161, 104.4161, 19.4161, 11.4161, 6.4161, 4.7958, 
134.4161, 134.4161, 114.7808, 114.4161, 114.4161, 104.4161, 104.4161, 104.4161, 19.4161, 0, 
134.4161, 134.4161, 114.4161, 104.4161, 104.4161, 19.4161, 10.7808, 6.7808, 6.4161, 0, 
134.4161, 134.4161, 114.4161, 104.4161, 104.4161, 7.4161, 6.4161, 5.4161, 0, 0, 
134.4161, 134.4161, 124.4161, 104.4161, 104.4161, 71.4161, 21.4161, 8.4161, 8.4161, 6.4161, 
134.4161, 134.4161, 114.4161, 114.4161, 114.4161, 114.4161, 7.4161, 6.4161, 0, 0, 
134.4161, 134.4161, 114.4161, 104.4161, 11.4161, 11.4161, 9.4161, 8.4161, 7.4161, 0, 
134.4161, 134.4161, 124.4161, 114.4161, 104.4161, 51.4161, 31.4161, 7.4161, 4.7958, 0, 
134.4161, 134.4161, 114.4161, 104.4161, 30.4161, 10.4161, 8.4161, 7.4161, 5.4161, 0, 
134.4161, 134.4161, 114.4161, 114.4161, 114.4161, 104.4161, 22.4161, 9.4161, 6.4161, 4.7958, 
134.4161, 134.4161, 114.4161, 114.4161, 104.4161, 104.4161, 104.4161, 21.4161, 6.4161, 0, 
134.4161, 134.4161, 114.4161, 104.4161, 104.4161, 104.4161, 10.4161, 6.4161, 6.4161, 0, 
134.4161, 134.4161, 104.4161, 104.4161, 104.4161, 104.4161, 13.4161, 8.4161, 6.4161, 0, 
134.4161, 134.4161, 114.4161, 114.4161, 104.4161, 104.4161, 71.8889, 9.4161, 6.9915, 0, 
134.4161, 134.4161, 123.9698, 114.4161, 104.4161, 104.4161, 104.4161, 12.4161, 0, 0, 
134.4161, 134.4161, 114.4161, 114.4161, 114.4161, 104.4161, 20.6664, 17.4161, 7.4161, 6.4161, 
134.4161, 134.4161, 114.4161, 114.4161, 114.4161, 104.4161, 104.4161, 103.9698, 5.4161, 4.7958, 
134.4161, 134.4161, 114.4161, 104.4161, 104.4161, 104.4161, 20.4161, 6.4161, 0, 0, 
134.4161, 134.4161, 124.4161, 124.4161, 114.4161, 104.4161, 18.4161, 10.4161, 9.4161, 8.4161, 
134.4161, 134.4161, 114.4161, 104.4161, 104.4161, 19.4161, 13.4161, 7.9698, 0, 0, 
134.4161, 134.4161, 124.4161, 104.4161, 15.4161, 12.4161, 9.4161, 9.4161, 5.4161, 4.7958, 
134.4161, 134.4161, 114.4161, 114.4161, 104.4161, 104.4161, 81.9915, 0, 0, 0, 
134.4161, 134.4161, 114.4161, 104.6664, 104.4161, 104.4161, 12.4161, 9.4161, 0, 0, 
134.4161, 134.4161, 104.4161, 104.4161, 104.4161, 104.4161, 64.3945, 8.4161, 6.4161, 0, 
134.4161, 134.4161, 134.4161, 124.4161, 104.4161, 104.4161, 104.4161, 6.4161, 6.4161, 0, 
134.4161, 134.4161, 124.4161, 114.4161, 104.4161, 104.4161, 104.4161, 22.4161, 20.4161, 0, 
134.4161, 134.4161, 114.7808, 104.4161, 12.4161, 10.4161, 7.4161, 6.4161, 6.4161, 0, 
134.4161, 134.4161, 134.4161, 114.4161, 104.7808, 104.4161, 104.4161, 7.9915, 7.4161, 0, 
134.4161, 134.4161, 124.4161, 114.4161, 104.7808, 104.4161, 12.4161, 10.4161, 7.4161, 5.4161, 
134.4161, 134.4161, 114.4161, 104.7808, 104.4161, 104.4161, 104.4161, 10.4161, 6.4161, 0, 
134.4161, 134.4161, 114.4161, 104.4161, 18.4161, 9.4161, 8.4161, 6.7808, 5.4161, 5.4161, 
134.4161, 134.4161, 114.4161, 24.4161, 6.7808, 6.4161, 5.4161, 0, 0, 0, 
134.4161, 134.4161, 104.4161, 104.4161, 31.4161, 10.4161, 8.4161, 7.4161, 7.4161, 5.7958, 
134.4161, 134.4161, 124.4161, 104.4161, 104.4161, 104.4161, 104.4161, 32.4161, 20.4161, 10.4161, 
134.4161, 134.4161, 21.4161, 11.4161, 6.4161, 6.4161, 5.4161, 4.7958, 0, 0, 
134.4161, 134.4161, 104.4161, 104.4161, 104.4161, 104.4161, 19.4161, 10.4161, 8.4161, 0, 
134.4161, 134.4161, 114.4161, 104.4161, 104.4161, 21.4161, 20.4161, 19.4161, 7.4161, 0, 
134.4161, 134.4161, 104.4161, 104.4161, 22.4161, 11.4161, 9.4161, 8.4161, 0, 0, 
134.4161, 134.4161, 134.4161, 124.4161, 124.4161, 114.4161, 15.9698, 7.4161, 0, 0, 
134.4161, 134.4161, 104.4161, 20.4161, 18.4161, 11.4161, 10.4161, 7.4161, 0, 0, 
134.4161, 134.4161, 114.4161, 114.4161, 13.4161, 12.4161, 8.4161, 7.4161, 6.4161, 0, 
134.4161, 134.4161, 114.4161, 104.4161, 7.4161, 7.4161, 7.4161, 6.4161, 4.7958, 0, 
134.4161, 134.4161, 114.4161, 114.4161, 114.4161, 104.4161, 104.4161, 5.4161, 4.7958, 4.7958, 
134.4161, 134.4161, 114.4161, 41.4161, 8.4161, 7.4161, 6.4161, 5.4161, 0, 0, 
134.4161, 134.4161, 124.4161, 104.4161, 54.4161, 13.4161, 12.4161, 5.4161, 0, 0, 
134.4161, 134.4161, 124.4161, 104.4161, 104.4161, 11.4161, 10.4161, 0, 0, 0, 
134.4161, 134.4161, 124.4161, 104.4161, 104.4161, 104.4161, 104.4161, 19.4161, 7.4161, 0, 
134.4161, 134.4161, 124.4161, 104.4161, 104.4161, 104.4161, 104.4161, 7.4161, 7.4161, 0, 
134.4161, 134.4161, 114.4161, 114.4161, 104.4161, 13.4161, 10.4161, 7.4161, 0, 0, 
134.4161, 134.4161, 114.4161, 104.4161, 104.4161, 19.4161, 10.4161, 0, 0, 0, 
134.4161, 134.4161, 124.4161, 104.4161, 71.9915, 19.4161, 12.9698, 9.4161, 7.4161, 6.4161, 
134.6664, 134.4161, 134.4161, 104.4161, 104.4161, 104.4161, 13.4161, 7.4161, 7.4161, 6.4161, 
134.6664, 134.4161, 114.4161, 113.9698, 104.4161, 104.4161, 21.4161, 20.271, 11.4161, 10.4161, 
134.6664, 134.4161, 124.4161, 114.4161, 113.9698, 104.4161, 103.9698, 29.6664, 21.2218, 0, 
134.6664, 134.4161, 124.4161, 18.4161, 15.9915, 9.4161, 6.4161, 5.9698, 0, 0, 
134.6664, 134.4161, 124.4161, 115.271, 115.271, 103.9698, 29.4161, 5.9915, 5.9698, 0, 
134.6664, 134.4161, 125.5162, 115.5162, 103.9698, 103.9698, 24.271, 6.9915, 6.9698, 6.9698, 
134.6664, 134.4161, 105.271, 31.9698, 19.4378, 17.7958, 10.9698, 6.4161, 4.9698, 0, 
134.6664, 134.4161, 125.271, 91.9915, 54.3945, 9.9915, 9.3945, 0, 0, 0, 
134.6664, 134.4161, 124.9915, 124.2781, 115.271, 114.7808, 64.3945, 19.271, 0, 0, 
143.9698, 134.9915, 134.6664, 134.4161, 115.5162, 103.9698, 55.2781, 19.9915, 8.6664, 6.6664, 
143.9698, 134.9915, 104.9915, 103.9698, 103.9698, 103.9698, 20.9915, 20.9915, 5.9915, 0, 
143.9698, 134.9915, 113.9698, 104.4161, 17.9915, 13.6664, 7.9698, 4.9698, 0, 0, 
143.9698, 134.9915, 105.271, 105.271, 104.6664, 103.9698, 103.9698, 103.9698, 4.9698, 0, 
143.9698, 134.9915, 114.9915, 114.4161, 113.9698, 58.2543, 8.9915, 7.271, 5.2781, 0, 
143.9698, 134.9915, 133.9698, 104.9915, 104.9915, 103.9698, 17.9698, 11.9915, 6.8024, 0, 
143.9698, 134.9915, 123.9698, 113.9698, 113.9698, 34.6664, 12.1107, 8.9915, 6.9698, 5.2781, 
143.9698, 134.9915, 133.9698, 113.9698, 103.9698, 103.9698, 23.9698, 6.6664, 5.9698, 5.9698, 
143.9698, 134.9915, 114.9915, 113.9698, 103.9698, 103.9698, 103.9698, 103.9698, 70.9698, 6.9698, 
143.9698, 134.9915, 114.9915, 113.9698, 104.9915, 103.9698, 103.9698, 103.9698, 19.9698, 0, 
143.9698, 134.9915, 114.6664, 113.9698, 103.9698, 103.9698, 103.9698, 24.9915, 5.9698, 0, 
143.9698, 134.9915, 123.9698, 113.9698, 113.9698, 113.9698, 103.9698, 103.9698, 103.9698, 0, 
143.9698, 134.9915, 113.9698, 113.9698, 104.6664, 103.9698, 103.9698, 103.9698, 103.9698, 5.9698, 
143.9698, 134.9915, 103.9698, 103.9698, 21.9698, 6.9698, 5.9698, 5.9698, 5.9698, 5.9698, 
143.9698, 134.9915, 113.9698, 9.9698, 6.9698, 5.9698, 5.9698, 0, 0, 0, 
143.9698, 134.9915, 115.4378, 113.9698, 104.6664, 54.7958, 9.9698, 5.9698, 0, 0, 
143.9698, 136.1107, 134.9915, 65.2781, 22.9698, 14.9915, 11.8889, 8.6664, 8.6664, 6.9915, 
143.9698, 136.1107, 113.9698, 103.9698, 88.3178, 35.5917, 24.9406, 18.2781, 9.9698, 0, 
143.9698, 136.1107, 123.9698, 123.9698, 113.9698, 104.4161, 8.6133, 7.8024, 0, 0, 
143.9698, 136.1107, 114.4161, 103.9698, 103.9698, 33.9698, 21.4161, 11.9698, 10.4161, 0, 
143.9698, 136.1107, 113.9698, 37.9698, 34.4161, 24.4161, 11.4161, 7.9698, 5.9698, 5.9698, 
143.9698, 136.1107, 103.9698, 64.7958, 37.9698, 7.7958, 5.9698, 0, 0, 0, 
143.9698, 136.1107, 116.2752, 105.993, 103.9698, 71.9915, 18.1821, 8.2752, 7.167, 6.9698, 
143.9698, 136.1107, 115.4378, 33.2752, 13.6644, 7.7836, 7.4378, 5.9698, 0, 0, 
143.9698, 136.1107, 125.1821, 105.1821, 103.3945, 43.993, 10.8637, 10.3945, 8.993, 0, 
143.9698, 136.1107, 103.3945, 103.3945, 99.6644, 92.1821, 24.6573, 18.1821, 6.8889, 0, 
143.9698, 136.1107, 113.9698, 104.8889, 103.3945, 25.2752, 15.2752, 6.1821, 0, 0, 
143.9698, 136.1107, 103.9698, 103.9698, 103.9698, 15.2781, 10.2781, 7.9698, 7.6664, 6.9698, 
143.9698, 136.1107, 103.9698, 103.9698, 103.9698, 56.271, 5.9698, 4.9698, 0, 0, 
143.9698, 136.1107, 123.9698, 103.9698, 9.7808, 8.7808, 7.9698, 5.9698, 4.9698, 0, 
143.9698, 136.1107, 123.9698, 113.9698, 103.9698, 70.9698, 10.4378, 8.4378, 5.4161, 4.9698, 
143.9698, 136.1107, 123.9698, 113.9698, 103.9698, 80.9698, 17.9698, 5.9698, 0, 0, 
143.9698, 136.1107, 103.9698, 71.9915, 70.9698, 56.1821, 23.2752, 18.9698, 6.9698, 4.9698, 
143.9698, 136.1107, 114.6664, 103.9698, 80.9698, 8.5162, 8.4161, 7.4161, 5.9698, 5.9698, 
143.9698, 136.1107, 124.6664, 103.9698, 103.7958, 80.6664, 18.9698, 15.6664, 7.9698, 0, 
143.9698, 136.1107, 114.6664, 103.9698, 64.7958, 17.6664, 9.1821, 5.9698, 5.6664, 5.6664, 
143.9698, 136.1107, 114.6664, 113.9698, 104.6664, 103.9698, 103.9698, 103.9698, 103.9698, 6.9698, 
143.9698, 136.1107, 113.9698, 104.6664, 103.9698, 103.9698, 103.9698, 103.9698, 54.7958, 4.9698, 
143.9698, 136.1107, 123.9698, 113.9698, 103.9698, 103.9698, 103.7958, 10.5162, 6.5452, 0, 
143.9698, 136.1107, 103.9698, 103.9698, 103.9698, 70.9698, 7.9698, 6.9698, 5.9698, 0, 
143.9698, 136.1107, 113.9698, 113.9698, 113.9698, 37.9698, 17.9698, 12.9698, 12.9698, 0, 
143.9698, 136.1107, 123.9698, 103.9698, 103.9698, 54.7958, 30.4378, 26.1821, 7.9698, 7.4161, 
143.9698, 136.1107, 114.8889, 113.3945, 104.2781, 103.3945, 71.8889, 58.6081, 9.9698, 5.9698, 
143.9698, 136.1107, 135.4378, 113.9698, 82.7346, 74.5254, 18.3945, 11.5254, 0, 0, 
143.9698, 136.1107, 103.9698, 103.9698, 72.7346, 48.9698, 30.4161, 14.3178, 8.9698, 5.9698, 
143.9698, 136.1107, 123.9698, 103.9698, 72.7346, 28.9698, 8.9698, 6.9698, 0, 0, 
143.9698, 136.1107, 113.9698, 113.9698, 104.4161, 103.7958, 72.5162, 21.4161, 12.5162, 5.9698, 
143.9698, 136.1107, 113.9698, 105.993, 103.9698, 74.3945, 8.2752, 5.9698, 0, 0, 
143.9698, 136.1107, 113.9698, 103.9698, 103.9698, 103.9698, 103.9698, 103.9698, 33.9698, 5.4161, 
143.9698, 136.1107, 103.9698, 103.9698, 103.9698, 24.9698, 9.2752, 6.9698, 5.9698, 5.9698, 
143.9698, 136.1107, 113.9698, 103.9698, 103.9698, 103.9698, 12.9698, 7.9698, 5.9698, 0, 
143.9698, 136.1107, 103.9698, 103.9698, 103.9698, 101.5162, 8.9698, 5.9698, 4.9698, 0, 
143.9698, 136.1107, 113.9698, 113.9698, 103.9698, 18.9698, 17.7808, 6.3945, 0, 0, 
143.9698, 136.1107, 113.9698, 113.9698, 103.9698, 95.7808, 19.9698, 4.9698, 0, 0, 
143.9698, 136.1107, 64.7958, 19.9698, 18.9698, 17.9698, 14.9698, 5.9698, 4.9698, 4.9698, 
143.9698, 136.1107, 113.9698, 103.9698, 103.9698, 103.9698, 103.9698, 103.9698, 24.9698, 8.9698, 
143.9698, 136.1107, 123.7958, 105.993, 103.9698, 103.9698, 103.9698, 103.9698, 71.9915, 0, 
143.9698, 136.1107, 113.9698, 103.9698, 103.9698, 103.9698, 103.3945, 80.993, 19.6664, 5.9915, 
143.9698, 136.1107, 113.9698, 103.9698, 103.9698, 103.9698, 103.9698, 14.9698, 7.9698, 5.9698, 
143.9698, 136.1107, 133.9698, 113.7958, 103.9698, 103.9698, 103.9698, 103.9698, 23.2781, 11.9698, 
143.9698, 136.1107, 103.9698, 103.9698, 103.9698, 17.9698, 12.9698, 8.6664, 5.9698, 0, 
143.9698, 136.1107, 115.5162, 103.9698, 103.9698, 29.9698, 11.9698, 7.9698, 5.7958, 4.9698, 
143.9698, 136.1107, 115.6644, 103.9698, 103.9698, 80.4161, 8.9698, 5.9698, 5.4161, 0, 
143.9698, 136.1107, 103.9698, 103.9698, 103.9698, 103.3945, 71.7808, 21.868, 18.7958, 10.2752, 
143.9698, 136.1107, 103.3945, 103.3945, 80.9698, 71.7808, 24.4161, 18.9315, 11.3271, 0, 
143.9698, 136.1107, 113.9698, 103.3945, 55.9698, 16.9698, 10.3945, 9.7808, 6.9698, 6.7808, 
143.9698, 136.1107, 103.9698, 70.9698, 11.9698, 6.9698, 6.9698, 5.9698, 4.9698, 0, 
143.9698, 136.1107, 113.9698, 113.9698, 103.9698, 90.9698, 70.9698, 11.9698, 10.9698, 6.5162, 
143.9698, 136.1107, 115.5162, 103.9698, 103.9698, 57.0527, 47.9698, 7.9698, 6.9698, 0, 
143.9698, 136.1107, 123.3945, 103.9698, 90.9698, 25.2752, 11.3945, 7.9698, 0, 0, 
143.9698, 136.1107, 103.9698, 103.3945, 100.1107, 48.9698, 18.9698, 5.9698, 5.9698, 0, 
143.9698, 136.1107, 113.9698, 113.9698, 103.9698, 53.9698, 47.9698, 28.9698, 18.9698, 5.8889, 
143.9698, 136.1107, 113.9698, 113.9698, 103.9698, 103.9698, 103.9698, 5.9698, 5.2781, 5.2781, 
143.9698, 136.1107, 113.9698, 103.9698, 103.9698, 103.9698, 18.9698, 17.9698, 7.9698, 0, 
143.9698, 136.1107, 123.9698, 123.9698, 113.9698, 113.9698, 22.9698, 13.9698, 8.5162, 7.4378, 
143.9698, 136.1107, 123.9698, 113.9698, 103.9698, 103.9698, 91.6664, 55.9915, 6.7808, 5.3945, 
143.9698, 136.1107, 103.9698, 103.9698, 103.9698, 103.9698, 76.9915, 71.6664, 6.5162, 0, 
143.9698, 136.1107, 113.9698, 103.9698, 76.9915, 64.7958, 54.7958, 8.9698, 5.9698, 4.7958, 
143.9698, 136.1107, 105.993, 105.8024, 40.993, 20.5917, 19.9698, 10.1821, 0, 0, 
143.9698, 136.1107, 125.6644, 115.8024, 105.8024, 32.1107, 21.6644, 19.167, 18.6664, 0, 
143.9698, 136.1107, 83.3793, 34.167, 9.868, 7.8024, 0, 0, 0, 0, 
143.9698, 136.1107, 94.6884, 81.4161, 81.4161, 43.993, 39.2781, 28.3178, 13.1887, 0, 
143.9698, 136.1107, 106.5162, 71.4161, 71.4161, 33.6406, 13.4161, 6.4161, 0, 0, 
143.9698, 136.1107, 119.0869, 105.271, 103.9698, 71.4161, 71.4161, 55.4161, 20.2781, 8.271, 
143.9698, 136.1107, 113.9698, 113.9698, 103.9698, 81.4161, 71.4161, 14.271, 7.9698, 6.2781, 
143.9698, 136.1107, 103.9698, 103.9698, 54.7958, 14.4378, 8.1821, 7.9698, 0, 0, 
143.9698, 136.1107, 125.4378, 104.2781, 103.3945, 30.9698, 6.9698, 5.9698, 5.9698, 0, 
143.9698, 136.1107, 104.2781, 103.9698, 41.8241, 37.9698, 8.2781, 7.5684, 0, 0, 
143.9698, 136.1107, 116.4753, 115.4378, 113.9698, 105.1821, 105.1821, 40.6664, 9.9698, 0, 
143.9698, 136.1107, 103.9698, 103.9698, 103.9698, 103.7958, 71.6664, 9.1821, 0, 0, 
143.9698, 136.1107, 106.2752, 103.3945, 103.3945, 103.3945, 17.9698, 8.2781, 7.9698, 0, 
143.9698, 136.1107, 103.9698, 103.9698, 28.4378, 9.9915, 7.4378, 5.8889, 0, 0, 
143.9698, 136.1107, 113.9698, 113.9698, 113.9698, 113.9698, 103.9698, 20.9698, 19.5162, 9.9698, 
143.9698, 136.1107, 133.9698, 133.9698, 113.9698, 113.9698, 103.9698, 83.6081, 10.4378, 0, 
143.9698, 136.1107, 103.9698, 103.9698, 67.978, 29.9698, 19.9698, 10.7346, 6.993, 0, 
143.9698, 136.1107, 103.9698, 103.9698, 103.9698, 57.2752, 21.9698, 6.9698, 5.9698, 5.9698, 
143.9698, 136.1107, 113.9698, 103.9698, 103.9698, 103.9698, 91.4161, 6.9698, 6.5917, 0, 
143.9698, 136.1107, 116.2752, 103.9698, 103.9698, 103.9698, 103.9698, 31.4161, 7.7958, 0, 
143.9698, 136.1107, 113.7958, 105.5162, 103.9698, 37.9698, 11.9698, 10.4161, 5.9698, 0, 
143.9698, 136.1107, 114.4161, 103.9698, 103.9698, 90.5917, 17.9698, 14.271, 7.9698, 0, 
143.9698, 136.1107, 126.3271, 114.7808, 104.7808, 104.4161, 74.7808, 66.0891, 66.0891, 16.9698, 
143.9698, 136.1107, 104.4161, 85.7808, 70.9698, 66.0891, 7.993, 7.7808, 6.7808, 0, 
143.9698, 136.1107, 124.4161, 113.9698, 104.4161, 103.9698, 95.7808, 65.7808, 14.7808, 12.993, 
143.9698, 136.1107, 114.4161, 113.9698, 113.9698, 104.4161, 14.9698, 11.7808, 6.4161, 0, 
143.9698, 136.1107, 113.9698, 113.9698, 103.9698, 103.9698, 9.9698, 6.4161, 0, 0, 
143.9698, 136.1107, 113.9698, 103.9698, 103.9698, 103.9698, 103.9698, 10.9698, 8.9698, 0, 
143.9698, 136.1107, 113.9698, 103.9698, 103.9698, 103.9698, 103.9698, 103.9698, 103.9698, 11.9698, 
143.9698, 136.1107, 113.9698, 103.9698, 103.9698, 103.9698, 103.9698, 103.9698, 103.9698, 103.9698, 
143.9698, 136.1107, 113.9698, 103.9698, 103.9698, 103.9698, 103.9698, 19.9698, 11.9698, 5.9698, 
143.9698, 136.1107, 103.9698, 103.9698, 50.9698, 31.9698, 7.9698, 5.9698, 0, 0, 
143.9698, 136.1107, 123.9698, 113.9698, 103.9698, 103.9698, 103.9698, 103.9698, 103.9698, 0, 
143.9698, 136.1107, 123.9698, 123.9698, 103.9698, 103.9698, 103.9698, 103.9698, 20.9698, 6.9698, 
143.9698, 136.1107, 103.9698, 10.9698, 10.9698, 9.9698, 9.4378, 6.9698, 5.9698, 4.9698, 
143.9698, 136.1107, 113.9698, 103.9698, 103.9698, 103.9698, 19.2752, 6.9698, 5.9698, 0, 
143.9698, 136.1107, 103.9698, 103.9698, 103.9698, 19.9698, 16.9698, 10.5162, 6.9698, 0, 
143.9698, 136.1107, 114.4161, 103.9698, 103.9698, 13.271, 5.9698, 5.9698, 0, 0, 
143.9698, 136.1107, 123.9698, 113.9698, 104.4161, 103.9698, 8.9698, 0, 0, 0, 
143.9698, 136.1107, 123.9698, 103.9698, 103.9698, 22.9698, 19.9698, 5.8889, 0, 0, 
143.9698, 136.1107, 113.9698, 106.5684, 103.9698, 55.0891, 7.9698, 5.6664, 4.9698, 0, 
143.9698, 136.1107, 118.4548, 96.1821, 90.8889, 65.0891, 7.4378, 0, 0, 0, 
143.9698, 136.1107, 103.3945, 65.0891, 56.0891, 44.2863, 32.993, 25.5162, 18.6664, 13.5452, 
143.9698, 136.1107, 114.6664, 25.2543, 8.0891, 7.9698, 7.167, 0, 0, 0, 
143.9698, 136.1107, 125.1821, 103.9698, 94.2103, 21.7346, 10.6133, 7.9698, 0, 0, 
143.9698, 136.1107, 104.2781, 104.2781, 72.1821, 58.2781, 10.0739, 8.9025, 6.3945, 0, 
143.9698, 136.1107, 65.7808, 47.9698, 12.9406, 10.0609, 9.9406, 6.6664, 0, 0, 
143.9698, 136.1107, 124.4161, 103.9698, 78.0527, 55.7808, 24.7656, 10.9396, 8.4753, 0, 
143.9698, 136.1107, 114.4161, 103.9698, 103.9698, 65.7808, 8.9547, 8.7808, 0, 0, 
143.9698, 136.1107, 65.7808, 65.7808, 9.9698, 7.9698, 6.8889, 0, 0, 0, 
143.9698, 136.1107, 113.9698, 103.9698, 103.9698, 55.7808, 18.7808, 7.7808, 5.7808, 0, 
143.9698, 136.1107, 123.9698, 105.5162, 103.9698, 103.9698, 55.7808, 24.4378, 7.9698, 0, 
143.9698, 136.1107, 113.9698, 103.9698, 54.7958, 5.9915, 4.9698, 4.9698, 0, 0, 
143.9698, 136.1107, 103.9698, 103.9698, 103.9698, 103.9698, 81.9915, 23.993, 20.9698, 12.9698, 
143.9698, 136.1107, 113.9698, 103.9698, 103.9698, 103.9698, 103.3945, 13.4094, 6.9698, 5.9698, 
143.9698, 136.1107, 113.9698, 113.9698, 103.9698, 103.9698, 103.9698, 5.9915, 5.9698, 0, 
143.9698, 136.1107, 113.9698, 103.9698, 103.9698, 103.7958, 19.9698, 9.9698, 6.9698, 0, 
143.9698, 136.1107, 116.2752, 113.9698, 106.2752, 103.3945, 103.3945, 24.9698, 0, 0, 
143.9698, 136.1107, 110.1107, 103.9698, 103.9698, 72.9315, 54.3945, 13.2752, 13.1107, 0, 
143.9698, 136.1107, 105.4378, 103.9698, 103.9698, 76.4378, 30.4378, 19.9698, 5.9698, 0, 
143.9698, 136.1107, 113.9698, 105.993, 103.9698, 103.9698, 103.9698, 90.9698, 54.7958, 0, 
143.9698, 136.1107, 113.9698, 47.9698, 33.4378, 19.9698, 11.1821, 9.9698, 0, 0, 
143.9698, 136.1107, 124.2781, 123.9698, 42.9698, 25.2781, 24.9698, 8.9698, 5.9698, 0, 
143.9698, 136.1107, 113.9698, 103.9698, 103.9698, 103.9698, 103.9698, 9.9698, 0, 0, 
143.9698, 136.1107, 103.9698, 103.9698, 103.9698, 56.4378, 55.2781, 4.9698, 0, 0, 
143.9698, 136.1107, 113.9698, 103.9698, 103.9698, 103.9698, 103.9698, 103.9698, 22.9698, 5.9698, 
143.9698, 136.1107, 113.9698, 103.9698, 103.9698, 103.9698, 99.993, 54.3945, 14.9698, 5.9698, 
143.9698, 136.1107, 113.9698, 113.9698, 103.9698, 103.9698, 11.9698, 10.9698, 8.2543, 0, 
143.9698, 136.1107, 123.9698, 103.9698, 103.9698, 20.5162, 9.9698, 6.9915, 0, 0, 
143.9698, 136.1107, 113.9698, 103.9698, 103.9698, 71.4161, 32.167, 9.9698, 7.9698, 5.9698, 
143.9698, 136.1107, 123.9698, 103.9698, 71.9915, 64.3945, 9.7808, 9.3945, 8.2752, 0, 
143.9698, 136.1107, 114.2781, 113.9698, 103.9698, 103.9698, 65.4161, 19.9698, 16.9406, 0, 
143.9698, 136.1107, 133.3945, 105.0891, 103.9698, 96.1821, 57.3561, 16.3945, 8.2781, 0, 
143.9698, 136.1107, 113.3945, 106.1821, 103.3945, 91.7808, 22.9698, 16.9698, 6.8889, 0, 
143.9698, 136.1107, 123.9698, 103.3945, 32.1821, 11.868, 10.1821, 7.7808, 7.3945, 0, 
143.9698, 136.1107, 133.9698, 113.9698, 71.7808, 65.2781, 54.3945, 0, 0, 0, 
143.9698, 136.1107, 113.9698, 103.9698, 103.9698, 80.9698, 71.7808, 6.9698, 0, 0, 
143.9698, 136.1107, 123.9698, 115.0891, 113.9698, 103.9698, 71.9915, 23.2752, 20.9698, 6.9698, 
143.9698, 136.1107, 133.9698, 103.9698, 71.9915, 9.9698, 5.9698, 5.9698, 0, 0, 
143.9698, 136.1107, 113.9698, 103.9698, 103.7958, 56.5162, 31.7958, 7.9698, 7.9698, 6.9915, 
143.9698, 136.1107, 103.9698, 71.4161, 66.271, 12.2752, 11.4161, 9.5162, 9.271, 0, 
143.9698, 136.1107, 104.6664, 103.9698, 91.4161, 37.4161, 17.9698, 9.9698, 7.8024, 0, 
143.9698, 136.1107, 106.2752, 103.9698, 103.9698, 81.4161, 80.4161, 57.9698, 9.9915, 0, 
143.9698, 136.1107, 113.9698, 103.9698, 103.9698, 54.7958, 10.4161, 9.7808, 7.9698, 7.9698, 
143.9698, 136.1107, 103.9698, 103.9698, 103.9698, 103.9698, 30.4161, 19.9698, 7.5162, 5.9698, 
143.9698, 136.1107, 114.4161, 103.9698, 22.9698, 7.9698, 7.5162, 6.8889, 0, 0, 
143.9698, 136.1107, 113.9698, 113.9698, 104.4161, 104.4161, 104.4161, 9.9698, 7.7958, 5.9698, 
143.9698, 136.1107, 114.4161, 104.4161, 104.4161, 104.4161, 103.9698, 103.7958, 39.5917, 23.4378, 
143.9698, 136.1107, 114.4161, 113.9698, 113.9698, 104.4161, 104.4161, 104.4161, 32.8889, 12.7808, 
143.9698, 136.1107, 104.4161, 104.4161, 104.4161, 103.7958, 17.9698, 4.9698, 0, 0, 
143.9698, 136.1107, 114.4161, 114.4161, 104.4161, 104.4161, 104.4161, 103.9698, 6.4161, 5.9698, 
143.9698, 136.1107, 115.5162, 114.4161, 104.4161, 104.4161, 104.4161, 104.4161, 5.9698, 0, 
143.9698, 136.1107, 114.4161, 114.4161, 104.4161, 20.4161, 13.5162, 7.6644, 5.7958, 0, 
143.9698, 136.1107, 105.9915, 103.9698, 41.4161, 9.9315, 8.167, 6.4161, 0, 0, 
143.9698, 136.1107, 113.9698, 103.9698, 103.9698, 93.7346, 54.4161, 19.4161, 5.9698, 0, 
143.9698, 136.1107, 123.9698, 103.9698, 103.9698, 13.7003, 11.9698, 9.4161, 7.5162, 5.6664, 
143.9698, 136.1107, 113.9698, 103.9698, 103.9698, 103.9698, 26.8024, 8.978, 0, 0, 
143.9698, 136.1107, 123.9698, 113.9698, 103.9698, 103.9698, 103.9698, 24.9698, 17.9698, 5.9698, 
143.9698, 136.1107, 113.9698, 103.9698, 103.9698, 103.9698, 7.9698, 7.9698, 6.9698, 5.9698, 
143.9698, 136.1107, 113.9698, 113.9698, 103.9698, 21.7958, 5.9698, 5.9698, 4.9698, 0, 
143.9698, 136.1107, 116.2752, 113.9698, 103.9698, 103.9698, 8.4161, 0, 0, 0, 
143.9698, 136.1107, 104.4161, 103.9698, 103.9698, 65.8024, 56.4378, 55.8889, 7.9698, 0, 
143.9698, 136.1107, 105.1821, 103.9698, 103.9698, 103.9698, 56.271, 15.6644, 12.4161, 9.9698, 
143.9698, 136.1107, 103.9698, 103.9698, 103.9698, 103.9698, 56.868, 6.9698, 4.9698, 0, 
143.9698, 136.1107, 124.2781, 103.9698, 92.9915, 54.3945, 7.271, 7.271, 0, 0, 
143.9698, 136.1107, 123.9698, 104.2781, 103.9698, 103.9698, 71.9915, 14.9698, 7.1821, 5.9915, 
143.9698, 136.1107, 115.5162, 104.2781, 103.9698, 103.9698, 71.9915, 20.9698, 12.9698, 5.2781, 
143.9698, 136.1107, 103.9698, 103.9698, 103.9698, 71.9915, 11.9698, 0, 0, 0, 
143.9698, 136.1107, 103.9698, 103.9698, 12.1821, 9.9698, 6.9698, 0, 0, 0, 
143.9698, 136.1107, 123.9698, 103.9698, 103.9698, 12.9698, 9.9698, 8.5162, 5.9698, 4.9698, 
143.9698, 136.1107, 113.9698, 113.9698, 103.9698, 103.9698, 103.9698, 9.9698, 8.9698, 0, 
143.9698, 136.1107, 113.9698, 103.9698, 103.9698, 103.9698, 103.3945, 21.9698, 12.9698, 0, 
143.9698, 136.1107, 103.9698, 103.9698, 103.9698, 103.9698, 103.3945, 0, 0, 0, 
143.9698, 136.1107, 133.9698, 113.9698, 103.9698, 103.9698, 10.9698, 6.9698, 5.9698, 4.9698, 
143.9698, 136.1107, 123.9698, 103.9698, 103.9698, 103.9698, 103.9698, 103.9698, 11.9698, 8.9698, 
143.9698, 136.1107, 113.9698, 103.9698, 103.9698, 103.9698, 103.9698, 7.2781, 0, 0, 
143.9698, 136.1107, 123.9698, 113.9698, 103.9698, 103.9698, 103.9698, 19.9698, 8.9698, 4.9698, 
143.9698, 136.1107, 103.9698, 103.9698, 103.9698, 23.9698, 18.9698, 6.9698, 6.6664, 5.9698, 
143.9698, 136.1107, 103.9698, 103.9698, 42.9698, 7.9698, 7.1821, 5.9698, 0, 0, 
143.9698, 136.1107, 113.9698, 113.9698, 113.9698, 113.9698, 113.9698, 103.9698, 103.9698, 0, 
143.9698, 136.1107, 113.9698, 113.9698, 103.3945, 74.3945, 21.2752, 19.9698, 8.993, 0, 
143.9698, 136.1107, 113.9698, 113.9698, 113.9698, 106.2752, 103.9698, 54.3945, 17.9698, 5.9698, 
143.9698, 136.1107, 103.9698, 103.9698, 103.9698, 55.4161, 6.4378, 6.4378, 0, 0, 
143.9698, 136.1107, 103.9698, 103.9698, 103.9698, 103.9698, 103.9698, 6.4378, 5.9698, 4.9698, 
143.9698, 136.1107, 113.9698, 104.2781, 103.9698, 103.9698, 66.3561, 5.9698, 5.9698, 0, 
143.9698, 136.1107, 113.9698, 103.9698, 103.9698, 11.8024, 9.9698, 8.9698, 5.9698, 0, 
143.9698, 136.1107, 105.4378, 103.9698, 103.9698, 9.1821, 8.9698, 7.9698, 7.3945, 0, 
143.9698, 136.1107, 113.9698, 103.9698, 103.9698, 103.9698, 17.9915, 10.0507, 4.9698, 0, 
143.9698, 136.1107, 124.9915, 123.9698, 113.9698, 113.9698, 103.9698, 103.9698, 103.9698, 5.9698, 
143.9698, 136.1107, 114.9915, 105.4378, 103.9698, 103.9698, 54.6664, 16.993, 9.1821, 0, 
143.9698, 136.1107, 125.4378, 124.4161, 103.9698, 103.9698, 22.9698, 13.9915, 7.6664, 0, 
143.9698, 136.1107, 113.9698, 103.9698, 28.6876, 9.6664, 7.9698, 6.4161, 4.9698, 0, 
143.9698, 136.1107, 113.9698, 103.9698, 54.7958, 25.5162, 7.9698, 5.9698, 5.9698, 5.8889, 
143.9698, 136.1107, 103.9698, 103.9698, 74.7958, 6.9698, 6.9698, 6.4161, 5.9698, 0, 
143.9698, 136.1107, 113.9698, 103.9698, 103.9698, 54.3945, 12.9698, 5.3945, 0, 0, 
143.9698, 136.1107, 113.9698, 113.9698, 38.0507, 29.9915, 18.993, 7.9915, 6.7958, 5.9698, 
143.9698, 136.1107, 113.9698, 113.9698, 113.3945, 8.9698, 7.9698, 0, 0, 0, 
143.9698, 136.1107, 123.9698, 113.9698, 103.9698, 103.9698, 103.9698, 7.9698, 7.9698, 6.9698, 
143.9698, 136.1107, 113.9698, 103.9698, 54.7958, 9.9698, 8.5162, 4.9698, 0, 0, 
143.9698, 136.1107, 113.9698, 103.9698, 103.9698, 103.9698, 65.271, 64.7958, 7.9698, 0, 
145.4378, 143.9698, 136.1107, 123.9698, 113.3945, 103.9698, 103.9698, 103.9698, 0, 0, 
145.4378, 143.9698, 113.9698, 70.9698, 66.4378, 7.9698, 7.2752, 5.9698, 0, 0, 
145.4378, 143.9698, 113.9698, 71.6664, 12.6664, 11.9698, 9.4378, 8.6644, 0, 0, 
145.4378, 143.9698, 115.4378, 103.9698, 65.9915, 33.9915, 9.9698, 8.4271, 7.9698, 0, 
145.4378, 143.9698, 114.6664, 103.9698, 103.9698, 20.4378, 9.9915, 8.7808, 4.9698, 0, 
145.4378, 143.9698, 124.6664, 123.9698, 114.6664, 103.9698, 91.9915, 34.9698, 18.6664, 0, 
145.4378, 143.9698, 126.4753, 115.1821, 114.6664, 113.9698, 6.6664, 5.9698, 5.3945, 0, 
145.4378, 143.9698, 106.5684, 103.9698, 22.993, 22.9698, 8.9915, 8.9698, 8.2781, 5.9698, 
145.4378, 143.9698, 113.9698, 103.9698, 89.4378, 13.4378, 12.4378, 11.978, 11.2863, 0, 
145.4378, 143.9698, 113.9698, 113.3945, 103.3945, 99.6644, 89.6644, 18.6644, 7.9698, 7.3945, 
145.4378, 143.9698, 113.3945, 103.9698, 54.3945, 13.4271, 8.6644, 6.6664, 5.9698, 4.9698, 
145.4378, 143.9698, 113.9698, 113.9698, 113.9698, 90.6664, 22.9915, 16.6664, 12.9698, 6.9915, 
145.4378, 143.9698, 123.9698, 113.9698, 24.9698, 17.9698, 8.9915, 7.9698, 7.6664, 5.9698, 
145.4378, 143.9698, 113.3945, 103.3945, 56.8024, 13.9915, 9.6664, 7.6644, 0, 0, 
145.4378, 143.9698, 114.9915, 105.6644, 56.6644, 20.993, 5.6664, 4.3945, 0, 0, 
145.4378, 143.9698, 104.9915, 95.9915, 10.6644, 9.9915, 9.9915, 0, 0, 0, 
145.4378, 143.9698, 105.6644, 104.9915, 81.271, 66.6644, 35.271, 27.993, 12.4378, 0, 
145.4378, 143.9698, 125.6644, 82.271, 66.7346, 22.7641, 17.6664, 9.9915, 7.271, 0, 
145.4378, 143.9698, 115.4378, 104.9915, 90.6664, 72.271, 56.4378, 9.6644, 7.9915, 0, 
145.4378, 143.9698, 104.6664, 72.6644, 72.271, 70.9698, 12.9915, 11.6664, 10.4378, 0, 
145.4378, 143.9698, 103.9698, 72.6644, 70.9698, 57.9406, 11.9915, 10.3778, 8.6664, 0, 
145.4378, 143.9698, 103.9698, 58.4378, 18.9698, 10.8241, 10.6644, 5.9698, 0, 0, 
145.4378, 143.9698, 124.9915, 103.9698, 103.9698, 99.4378, 9.1821, 5.7808, 0, 0, 
145.4378, 143.9698, 110.6664, 105.6644, 103.9698, 90.6664, 65.9915, 35.6644, 6.9698, 0, 
145.4378, 143.9698, 105.4378, 104.9915, 103.9698, 103.9698, 11.993, 8.9698, 5.9915, 5.4161, 
145.4378, 143.9698, 104.9915, 104.6664, 103.9698, 21.6664, 21.6644, 6.9698, 5.9698, 0, 
145.4378, 143.9698, 113.9698, 103.9698, 80.6664, 73.6573, 72.271, 22.4161, 5.9915, 4.7958, 
145.4378, 143.9698, 113.9698, 82.9315, 72.271, 53.1209, 7.7346, 6.9915, 6.9315, 0, 
145.4378, 143.9698, 113.9698, 103.9698, 9.5162, 7.9698, 6.2781, 5.9698, 5.9698, 0, 
145.4378, 143.9698, 123.9698, 114.9915, 104.6664, 103.9698, 17.6664, 8.6644, 7.9915, 7.9915, 
145.4378, 143.9698, 116.2752, 113.9698, 103.9698, 10.9915, 10.6664, 5.9698, 0, 0, 
145.4378, 143.9698, 114.4161, 103.9698, 19.4378, 11.8024, 5.9698, 5.2781, 4.9698, 0, 
145.4378, 143.9698, 114.4161, 113.9698, 103.9698, 8.6664, 0, 0, 0, 0, 
145.4378, 143.9698, 115.1821, 103.9698, 35.4378, 21.4161, 6.4161, 6.4161, 5.9698, 5.9698, 
145.4378, 143.9698, 105.4378, 71.6664, 27.6664, 9.4378, 8.6664, 6.6664, 5.9915, 0, 
145.4378, 143.9698, 124.9915, 115.6644, 103.9698, 82.271, 8.6664, 0, 0, 0, 
145.4378, 143.9698, 105.271, 105.271, 21.6644, 21.4271, 7.167, 6.6664, 5.6664, 0, 
145.4378, 143.9698, 134.6664, 114.9915, 105.4378, 103.9698, 103.9698, 12.271, 0, 0, 
145.4378, 143.9698, 113.9698, 103.9698, 90.9915, 23.6644, 22.6644, 16.6664, 11.5162, 9.9915, 
145.4378, 143.9698, 105.6644, 104.2781, 103.9698, 103.9698, 80.9698, 47.9698, 22.9915, 0, 
145.4378, 143.9698, 143.9698, 105.4378, 103.9698, 103.9698, 71.9915, 56.1821, 43.9698, 4.9698, 
145.4378, 143.9698, 105.4378, 81.9915, 72.271, 54.3945, 17.9698, 8.9698, 6.9698, 4.9698, 
145.4378, 143.9698, 105.6644, 67.978, 20.6664, 14.6644, 11.271, 8.3778, 4.9698, 0, 
145.4378, 143.9698, 97.4271, 90.9915, 57.8637, 23.4378, 19.9698, 9.9915, 8.6664, 6.6664, 
145.4378, 143.9698, 81.9915, 71.9915, 41.167, 17.9915, 10.4271, 8.6664, 8.4271, 0, 
145.4378, 143.9698, 103.9698, 72.6644, 31.6664, 19.993, 18.1107, 8.3945, 7.9698, 6.9915, 
145.4378, 143.9698, 104.9915, 103.9698, 71.9915, 71.9915, 26.6644, 25.5917, 17.3945, 0, 
145.4378, 143.9698, 103.9698, 90.6664, 71.9915, 54.3945, 22.9698, 6.8889, 5.9698, 0, 
145.4378, 143.9698, 134.8889, 105.4378, 103.9698, 90.6664, 80.9915, 71.6664, 19.9915, 0, 
145.4378, 143.9698, 115.6644, 104.9915, 27.6664, 26.9915, 17.6664, 7.6644, 0, 0, 
145.4378, 143.9698, 123.9698, 104.9915, 103.9698, 21.9915, 8.6664, 5.9698, 0, 0, 
145.4378, 143.9698, 105.4378, 104.9915, 80.9698, 11.9915, 7.9698, 6.9915, 4.9698, 0, 
145.4378, 143.9698, 105.6644, 104.9915, 104.9915, 103.9698, 80.6664, 72.271, 21.9915, 6.9915, 
145.4378, 143.9698, 124.9915, 82.271, 71.9915, 32.3945, 27.5162, 9.6644, 6.9698, 0, 
145.4378, 143.9698, 101.5162, 85.5162, 71.9915, 47.9698, 7.9915, 6.9698, 0, 0, 
145.4378, 143.9698, 133.9698, 113.9698, 23.271, 13.271, 10.6664, 9.9915, 0, 0, 
145.4378, 143.9698, 103.9698, 103.9698, 28.6644, 21.6664, 12.9698, 8.9915, 7.9698, 6.9915, 
145.4378, 143.9698, 103.9698, 103.9698, 70.9698, 6.9698, 5.9698, 5.9698, 0, 0, 
145.4378, 143.9698, 113.9698, 103.9698, 21.2752, 13.2752, 11.9698, 11.9698, 7.9698, 0, 
145.4378, 143.9698, 124.9915, 123.9698, 113.9698, 103.9698, 99.271, 10.4094, 6.6664, 0, 
145.4378, 143.9698, 103.9698, 96.271, 71.4161, 67.2218, 64.9915, 11.6664, 5.9915, 0, 
145.4378, 143.9698, 114.6664, 105.6644, 72.271, 20.993, 9.5162, 0, 0, 0, 
145.4378, 143.9698, 105.6644, 8.868, 8.6644, 7.271, 6.868, 0, 0, 0, 
145.4378, 143.9698, 106.271, 100.9698, 22.271, 12.868, 7.9915, 6.6644, 6.4378, 5.9915, 
145.4378, 143.9698, 103.9698, 82.4378, 29.9698, 21.0527, 6.6664, 0, 0, 0, 
145.4378, 143.9698, 125.868, 103.9698, 103.9698, 90.9698, 65.4161, 0, 0, 0, 
145.4378, 143.9698, 115.4378, 71.9915, 71.9915, 71.4161, 64.9698, 11.0527, 7.868, 6.6664, 
145.4378, 143.9698, 114.6664, 113.9698, 103.9698, 95.271, 71.9915, 54.9698, 53.9698, 37.9698, 
145.4378, 143.9698, 114.6664, 113.9698, 103.9698, 55.4161, 55.4161, 7.0527, 5.9698, 4.9698, 
145.4378, 143.9698, 104.8889, 65.4161, 47.9698, 37.9698, 11.8024, 11.6664, 4.9698, 0, 
145.4378, 143.9698, 135.993, 124.4161, 105.3561, 103.9698, 65.4161, 37.9698, 0, 0, 
145.4378, 143.9698, 104.4161, 70.9698, 22.9698, 19.8024, 8.6644, 6.9698, 5.9915, 0, 
145.4378, 143.9698, 116.5684, 114.4161, 113.9698, 104.9915, 104.4161, 103.993, 4.9698, 0, 
145.4378, 143.9698, 115.271, 85.993, 82.868, 56.5162, 20.5684, 12.6664, 11.4161, 0, 
145.4378, 143.9698, 114.9915, 104.4161, 103.9698, 103.2543, 57.3271, 25.868, 23.978, 20.4161, 
145.4378, 143.9698, 113.9698, 113.9698, 104.4161, 71.9915, 6.9915, 5.8889, 0, 0, 
145.4378, 143.9698, 123.9698, 103.9698, 103.7958, 22.271, 8.6664, 7.4161, 5.9698, 0, 
145.4378, 143.9698, 113.9698, 103.9698, 12.9698, 9.9698, 7.7958, 7.271, 0, 0, 
145.4378, 143.9698, 113.9698, 105.1821, 103.9698, 103.9698, 72.4378, 57.2752, 7.271, 6.9698, 
145.4378, 143.9698, 113.9698, 103.9698, 72.6644, 66.868, 66.1821, 8.1821, 5.9698, 0, 
145.4378, 143.9698, 81.9915, 76.5162, 55.6664, 18.4161, 9.9915, 9.868, 9.5162, 0, 
145.4378, 143.9698, 103.9698, 103.9698, 56.868, 56.868, 56.5162, 13.9915, 7.2781, 5.6664, 
145.4378, 143.9698, 113.9698, 103.9698, 86.6644, 56.5162, 17.9698, 7.5162, 7.271, 0, 
145.4378, 143.9698, 116.271, 23.9915, 9.9915, 8.6644, 7.9915, 0, 0, 0, 
145.4378, 143.9698, 124.9915, 115.6644, 104.6664, 99.868, 22.9315, 10.9915, 10.6664, 0, 
145.4378, 143.9698, 115.4378, 80.6664, 34.2752, 17.9915, 14.9698, 13.4378, 5.9915, 0, 
145.4378, 143.9698, 114.9915, 103.9698, 20.9915, 14.6664, 5.9698, 4.9698, 0, 0, 
145.4378, 143.9698, 113.9698, 105.271, 103.9698, 103.9698, 103.9698, 10.9915, 6.6664, 4.9698, 
145.4378, 143.9698, 103.9698, 103.9698, 11.9915, 9.6664, 0, 0, 0, 0, 
145.4378, 143.9698, 115.5162, 113.9698, 105.4378, 14.6644, 8.3945, 6.8889, 0, 0, 
145.4378, 143.9698, 104.9915, 103.9698, 71.9915, 56.271, 28.6664, 8.9698, 5.9698, 0, 
145.4378, 143.9698, 123.9698, 103.9698, 80.9698, 77.271, 55.4161, 10.868, 9.6644, 0, 
145.4378, 143.9698, 114.4161, 103.9698, 103.9698, 80.9698, 76.0891, 7.9698, 7.5162, 4.9698, 
145.4378, 143.9698, 124.7808, 104.9915, 104.7808, 103.9698, 101.9915, 81.9915, 7.6664, 4.9698, 
145.4378, 143.9698, 115.271, 104.9915, 9.271, 8.7808, 7.9915, 0, 0, 0, 
145.4378, 143.9698, 114.9915, 114.9915, 8.271, 6.9915, 5.9698, 4.9698, 0, 0, 
145.4378, 143.9698, 90.6664, 80.6664, 22.4378, 20.9915, 17.9915, 15.6664, 9.6644, 8.4378, 
145.4378, 143.9698, 103.9698, 90.6664, 90.6664, 80.6664, 8.6664, 6.9915, 0, 0, 
145.4378, 143.9698, 103.9698, 103.9698, 75.9915, 9.6664, 6.6664, 5.6664, 0, 0, 
145.4378, 143.9698, 115.1821, 103.9698, 21.9698, 10.9698, 5.9698, 4.9698, 0, 0, 
145.4378, 143.9698, 115.993, 114.9915, 105.993, 67.3271, 64.9698, 21.6664, 6.9915, 0, 
145.4378, 143.9698, 115.993, 104.167, 55.2781, 34.271, 27.993, 8.993, 6.5917, 0, 
145.4378, 143.9698, 135.3561, 125.8024, 114.9915, 114.2781, 12.3271, 9.167, 7.4161, 6.9915, 
145.4378, 143.9698, 107.5533, 103.9698, 37.9698, 24.6644, 17.3945, 16.9915, 12.5533, 0, 
145.4378, 143.9698, 125.7346, 124.6664, 117.7134, 29.4271, 7.9698, 5.9698, 5.9698, 5.6664, 
145.4378, 143.9698, 115.271, 104.4161, 86.5162, 81.271, 27.5809, 9.6644, 9.271, 7.271, 
145.4378, 143.9698, 104.4161, 104.4161, 103.9698, 67.0527, 20.9698, 19.7346, 14.167, 13.7836, 
145.4378, 143.9698, 115.5162, 105.993, 104.4161, 104.4161, 81.9915, 72.868, 6.9698, 0, 
145.4378, 143.9698, 113.9698, 106.4753, 72.3561, 35.271, 7.993, 6.4161, 5.9698, 0, 
145.4378, 143.9698, 80.6664, 22.9315, 15.3271, 7.0527, 6.271, 5.9698, 0, 0, 
145.4378, 143.9698, 80.6664, 22.9915, 6.9915, 6.6664, 5.9698, 5.6664, 0, 0, 
145.4378, 143.9698, 116.4753, 103.9698, 100.6664, 73.4271, 31.6664, 27.6664, 14.4378, 0, 
145.4378, 143.9698, 114.9915, 113.9698, 105.5162, 105.4378, 81.0891, 71.9915, 21.6664, 20.6664, 
145.4378, 143.9698, 114.6664, 113.9698, 113.9698, 105.5162, 91.6664, 26.0891, 10.0527, 0, 
145.4378, 143.9698, 103.9698, 80.6664, 71.9915, 11.6664, 6.9915, 6.6664, 6.0891, 0, 
145.4378, 143.9698, 115.4378, 103.9698, 103.9698, 103.3945, 100.167, 7.6664, 5.9915, 0, 
145.4378, 143.9698, 113.9698, 104.2781, 103.9698, 103.9698, 48.167, 21.9915, 10.4378, 0, 
145.4378, 143.9698, 115.5162, 114.6664, 103.9698, 103.9698, 103.9698, 103.9698, 24.6664, 5.9698, 
145.4378, 143.9698, 104.6664, 103.9698, 103.9698, 103.9698, 103.9698, 37.9698, 9.9698, 5.9698, 
145.4378, 143.9698, 113.9698, 104.6664, 104.6664, 103.9698, 70.9698, 0, 0, 0, 
145.4378, 143.9698, 113.9698, 103.9698, 70.9698, 24.9698, 10.9698, 6.7958, 4.9698, 0, 
145.4378, 143.9698, 123.9698, 115.6644, 103.9698, 80.6664, 70.9698, 24.6664, 20.9915, 0, 
145.4378, 143.9698, 134.6664, 113.9698, 103.9698, 103.9698, 19.5162, 11.9698, 8.9698, 7.9698, 
145.4378, 143.9698, 114.2781, 104.4161, 103.9698, 103.9698, 103.9698, 18.271, 16.9698, 0, 
145.4378, 143.9698, 115.6644, 113.9698, 103.9698, 103.9698, 56.4378, 6.3945, 4.9698, 0, 
145.4378, 143.9698, 125.4378, 113.9698, 103.9698, 91.1821, 35.5917, 19.9698, 8.0527, 6.4161, 
145.4378, 143.9698, 125.5917, 104.9915, 73.0527, 34.9698, 6.9698, 6.6664, 5.9915, 0, 
145.4378, 143.9698, 124.9915, 113.9698, 105.4378, 103.9698, 83.0527, 71.9915, 7.3561, 0, 
145.4378, 143.9698, 104.9915, 39.9915, 19.6664, 13.9915, 6.9915, 4.9698, 0, 0, 
145.4378, 143.9698, 115.4378, 38.4378, 31.9915, 22.9915, 10.271, 9.6664, 6.6664, 0, 
145.4378, 143.9698, 124.9915, 80.6664, 27.6664, 9.271, 6.9915, 6.9915, 6.1821, 4.9698, 
145.4378, 143.9698, 125.6644, 115.4378, 115.4378, 113.9698, 30.9915, 8.9915, 4.9698, 0, 
145.4378, 143.9698, 104.9915, 103.9698, 88.271, 6.9915, 0, 0, 0, 0, 
145.4378, 143.9698, 109.4378, 104.6664, 103.9698, 57.3778, 42.9698, 14.9915, 7.5162, 5.9698, 
145.4378, 143.9698, 124.9915, 103.9698, 90.6664, 90.6664, 12.9915, 7.9915, 6.6664, 0, 
145.4378, 143.9698, 124.9915, 124.6664, 103.9698, 74.7958, 12.9915, 9.9915, 6.8889, 0, 
145.4378, 143.9698, 113.9698, 20.9915, 12.9915, 9.6664, 8.9698, 5.8889, 0, 0, 
145.4378, 143.9698, 113.9698, 103.9698, 71.9915, 24.6664, 21.9698, 7.9915, 5.9698, 4.9698, 
145.4378, 143.9698, 113.9698, 113.9698, 71.9915, 31.6644, 14.6664, 8.4271, 7.9698, 0, 
145.4378, 143.9698, 104.9915, 103.9698, 103.9698, 90.6664, 90.6664, 81.2781, 6.9915, 0, 
145.4378, 143.9698, 124.9915, 124.2781, 103.9698, 103.9698, 65.8889, 13.9915, 9.9915, 6.9698, 
145.4378, 143.9698, 134.9915, 124.9915, 124.9915, 103.9698, 12.6664, 6.9915, 6.0891, 0, 
145.4378, 143.9698, 115.1821, 103.9698, 25.4378, 10.6664, 7.4378, 5.9698, 0, 0, 
145.4378, 143.9698, 103.9698, 103.9698, 103.9698, 103.9698, 103.9698, 55.6664, 14.9915, 7.9698, 
145.4378, 143.9698, 113.9698, 106.2752, 103.9698, 103.9698, 103.9698, 103.9698, 11.9698, 8.7958, 
145.4378, 143.9698, 113.9698, 104.2781, 37.9698, 12.993, 8.7958, 6.6664, 0, 0, 
145.4378, 143.9698, 103.9698, 18.7958, 13.9915, 9.993, 8.6664, 0, 0, 0, 
145.4378, 143.9698, 115.993, 115.6644, 103.9698, 92.9915, 80.9698, 71.9915, 9.6644, 8.9698, 
145.4378, 143.9698, 115.6644, 103.9698, 103.3945, 71.9915, 71.9915, 8.6644, 6.7958, 0, 
145.4378, 143.9698, 115.4378, 103.9698, 83.3271, 71.9915, 57.4271, 11.6644, 7.6644, 6.271, 
145.4378, 143.9698, 103.9698, 74.167, 56.993, 8.5162, 0, 0, 0, 0, 
145.4378, 143.9698, 113.9698, 56.993, 33.9915, 24.6664, 11.9698, 10.167, 7.271, 0, 
145.4378, 143.9698, 103.9698, 72.3561, 13.1821, 8.167, 6.9698, 6.5162, 5.9915, 0, 
145.4378, 143.9698, 124.9915, 113.9698, 113.9698, 103.9698, 92.3561, 56.5162, 56.4378, 0, 
145.4378, 143.9698, 115.993, 91.9315, 65.9915, 10.3945, 7.4378, 6.9915, 0, 0, 
145.4378, 143.9698, 86.5917, 83.2752, 72.993, 65.6664, 47.3778, 8.1107, 6.5917, 5.9915, 
145.4378, 143.9698, 124.9915, 90.6664, 56.6644, 37.1107, 25.6644, 11.6664, 10.9315, 9.8024, 
145.4378, 143.9698, 134.9915, 114.9915, 113.9698, 103.9698, 100.6664, 76.9915, 7.9915, 0, 
145.4378, 143.9698, 113.9698, 100.6664, 90.6664, 21.9915, 8.3778, 7.9915, 7.9698, 5.9698, 
145.4378, 143.9698, 114.6664, 104.9915, 103.9698, 23.9915, 19.6664, 14.6664, 7.6133, 5.9698, 
145.4378, 143.9698, 104.2781, 103.9698, 80.6664, 18.9698, 6.9915, 5.9698, 0, 0, 
145.4378, 143.9698, 113.9698, 113.9698, 103.9698, 103.9698, 33.2781, 9.9915, 8.6664, 6.2781, 
145.4378, 143.9698, 135.4378, 113.9698, 103.9698, 103.9698, 103.9698, 8.9698, 7.9698, 0, 
145.4378, 143.9698, 113.9698, 103.9698, 103.9698, 70.9698, 5.9915, 5.9698, 0, 0, 
145.4378, 143.9698, 113.3945, 103.9698, 103.9698, 103.9698, 9.9698, 8.167, 6.9698, 0, 
145.4378, 143.9698, 133.9698, 103.9698, 103.9698, 103.3945, 54.7958, 17.9698, 0, 0, 
145.4378, 143.9698, 113.9698, 103.9698, 80.6664, 64.7958, 8.9698, 5.9698, 0, 0, 
145.4378, 143.9698, 104.9915, 80.6664, 20.9698, 19.9915, 10.9915, 8.9698, 6.6664, 6.6664, 
145.4378, 143.9698, 104.6664, 103.9698, 103.9698, 100.6664, 99.4378, 6.9698, 0, 0, 
145.4378, 143.9698, 104.9915, 103.993, 103.7958, 90.6664, 9.2781, 8.6644, 7.4161, 6.8889, 
145.4378, 143.9698, 113.9698, 21.993, 14.9698, 12.993, 9.993, 9.6664, 7.4378, 0, 
145.4378, 143.9698, 72.868, 65.2781, 10.4378, 8.2781, 5.9698, 5.9698, 0, 0, 
145.4378, 143.9698, 115.6644, 100.6664, 55.6664, 12.6644, 11.7346, 8.5162, 7.271, 0, 
145.4378, 143.9698, 114.9915, 105.6644, 103.9698, 103.9698, 90.6664, 21.4161, 7.9698, 0, 
145.4378, 143.9698, 103.9698, 82.4378, 82.271, 80.9698, 22.6644, 17.9698, 12.9915, 0, 
145.4378, 143.9698, 105.4378, 104.9915, 103.9698, 80.9698, 72.6644, 8.271, 6.9698, 5.8889, 
145.4378, 143.9698, 103.9698, 71.9915, 31.8024, 8.9698, 7.6644, 7.167, 6.6664, 0, 
145.4378, 143.9698, 124.9915, 103.9698, 103.9698, 103.9698, 103.9698, 90.6664, 17.9698, 9.9698, 
145.4378, 143.9698, 113.9698, 103.9698, 103.9698, 103.9698, 103.9698, 103.9698, 80.6664, 10.9698, 
145.4378, 143.9698, 105.993, 103.9698, 70.9698, 19.2781, 9.5452, 5.8889, 4.9698, 0, 
145.4378, 143.9698, 115.6644, 113.9698, 9.6644, 7.9698, 7.9698, 5.3945, 4.3945, 0, 
145.4378, 143.9698, 113.9698, 113.9698, 105.993, 105.4378, 17.9915, 9.9915, 9.4378, 0, 
145.4378, 143.9698, 133.9698, 105.4378, 103.9698, 25.6664, 23.9698, 5.9698, 0, 0, 
145.4378, 143.9698, 113.9698, 103.9698, 9.9698, 6.9698, 5.9698, 4.9698, 0, 0, 
145.4378, 143.9698, 114.2781, 103.9698, 103.9698, 103.3945, 10.9698, 9.9698, 6.9698, 0, 
145.4378, 143.9698, 113.9698, 103.9698, 103.3945, 80.9915, 54.3945, 16.1107, 6.9698, 6.3945, 
145.4378, 143.9698, 113.9698, 113.9698, 103.9698, 80.6664, 29.9915, 8.8889, 7.9915, 0, 
145.4378, 143.9698, 103.9698, 103.9698, 103.9698, 103.9698, 70.9698, 13.9698, 8.9698, 5.9698, 
145.4378, 143.9698, 113.3945, 103.9698, 80.9698, 54.7958, 8.6644, 5.9915, 5.9698, 5.8889, 
145.4378, 143.9698, 114.8889, 103.9698, 103.9698, 103.3945, 81.9915, 72.271, 37.9698, 5.9698, 
145.4378, 143.9698, 105.5917, 103.3945, 103.3945, 54.3945, 5.9698, 5.6664, 0, 0, 
145.4378, 143.9698, 115.5917, 113.9698, 113.9698, 105.6644, 103.3945, 7.4378, 6.4378, 5.3945, 
145.4378, 143.9698, 105.5162, 103.9698, 52.4378, 24.6644, 8.9698, 7.9915, 7.5162, 0, 
145.4378, 143.9698, 113.9698, 105.6644, 90.9698, 90.4161, 66.271, 24.6644, 6.3945, 0, 
145.4378, 143.9698, 113.9698, 80.4161, 80.4161, 72.6644, 71.9915, 41.6664, 7.5162, 5.7958, 
145.4378, 143.9698, 134.4161, 113.9698, 67.7003, 8.9698, 5.9698, 5.9698, 4.9698, 0, 
145.4378, 143.9698, 113.9698, 113.9698, 104.4161, 11.9698, 8.2781, 5.9698, 0, 0, 
145.4378, 143.9698, 113.9698, 103.9698, 80.9698, 21.9698, 9.6644, 5.9698, 0, 0, 
145.4378, 143.9698, 114.9915, 103.3945, 21.9698, 7.6644, 6.9698, 5.9698, 5.6664, 0, 
145.4378, 143.9698, 103.3945, 92.271, 54.3945, 40.6644, 14.9698, 7.6644, 7.3945, 0, 
145.4378, 143.9698, 103.9698, 103.9698, 103.9698, 72.271, 30.271, 8.9915, 0, 0, 
145.4378, 143.9698, 104.9915, 103.9698, 100.9698, 80.6664, 10.6664, 6.9915, 0, 0, 
145.4378, 143.9698, 103.9698, 103.9698, 103.9698, 71.9915, 44.4378, 14.6664, 6.9698, 4.9698, 
145.4378, 143.9698, 113.9698, 103.9698, 103.9698, 103.9698, 50.9915, 21.6664, 9.9698, 9.9698, 
145.4378, 143.9698, 103.9698, 103.9698, 19.4378, 18.9698, 7.6664, 5.9915, 5.3945, 0, 
145.4378, 143.9698, 123.9698, 113.9698, 103.9698, 103.9698, 56.9915, 8.9698, 7.6664, 0, 
145.4378, 143.9698, 104.9915, 103.9698, 103.9698, 103.9698, 10.4378, 8.9698, 7.9698, 5.6664, 
145.4378, 143.9698, 113.9698, 103.9698, 103.9698, 103.9698, 10.9698, 6.5162, 0, 0, 
145.4378, 143.9698, 113.9698, 103.9698, 71.9915, 10.6664, 9.9698, 8.9698, 6.9698, 5.9698, 
145.4378, 143.9698, 105.4378, 75.8889, 54.3945, 21.9915, 19.9915, 15.9915, 8.9915, 7.3945, 
145.4378, 143.9698, 124.9915, 79.9915, 71.6664, 12.9698, 7.9698, 7.8637, 5.8889, 0, 
145.4378, 143.9698, 134.9915, 124.9915, 123.9698, 114.9915, 103.9698, 90.6664, 90.6664, 55.8889, 
145.4378, 143.9698, 124.9915, 104.9915, 71.9915, 9.9698, 7.9915, 6.9915, 6.9915, 0, 
145.4378, 143.9698, 104.9915, 81.9915, 65.4161, 21.9698, 7.6644, 5.6664, 0, 0, 
145.4378, 143.9698, 114.6664, 103.9698, 78.271, 71.9915, 55.4161, 9.6664, 6.9915, 6.9698, 
145.4378, 143.9698, 103.9698, 96.868, 72.271, 26.9315, 9.4161, 7.7958, 6.6664, 0, 
145.4378, 143.9698, 123.9698, 115.4378, 113.9698, 103.9698, 103.9698, 56.6644, 17.4378, 0, 
145.4378, 143.9698, 123.9698, 103.9698, 103.9698, 103.9698, 103.9698, 103.9698, 28.9698, 19.9698, 
145.4378, 143.9698, 123.9698, 115.6644, 103.9698, 103.9698, 103.9698, 103.9698, 70.9698, 9.9698, 
145.4378, 143.9698, 113.9698, 103.9698, 70.9698, 28.9698, 20.9698, 9.4161, 0, 0, 
145.4378, 143.9698, 124.9915, 113.9698, 103.9698, 32.9698, 8.9915, 7.6664, 0, 0, 
145.4378, 143.9698, 115.6644, 103.9698, 103.9698, 103.3945, 18.9915, 7.9698, 6.5162, 0, 
145.4378, 143.9698, 82.6664, 72.271, 71.9915, 70.9698, 57.0527, 14.6644, 12.9698, 6.8889, 
145.4378, 143.9698, 114.9915, 113.9698, 103.9698, 54.9698, 19.9915, 18.9698, 10.8241, 6.6664, 
145.4378, 143.9698, 113.3945, 103.9698, 65.9915, 33.271, 10.271, 5.9698, 0, 0, 
145.4378, 143.9698, 103.9698, 91.6644, 74.3945, 64.3945, 33.6664, 18.8024, 10.167, 6.3945, 
145.4378, 143.9698, 114.9915, 81.4378, 65.9915, 55.4161, 25.4378, 0, 0, 0, 
145.4378, 143.9698, 105.4378, 81.271, 65.6664, 56.8024, 25.4161, 10.4378, 9.6644, 7.9915, 
145.4378, 143.9698, 109.868, 103.9698, 91.6644, 55.4161, 40.9915, 8.6644, 6.4161, 0, 
145.4378, 143.9698, 125.4378, 99.8889, 92.6644, 19.0527, 12.3271, 9.9698, 8.993, 5.7958, 
145.4378, 143.9698, 115.1821, 72.271, 72.271, 14.8241, 11.6644, 10.1107, 7.868, 7.1821, 
145.4378, 143.9698, 125.6644, 115.4378, 113.9698, 32.9915, 8.271, 7.6644, 6.1821, 0, 
145.4378, 143.9698, 125.6644, 54.7958, 28.9698, 8.6644, 6.9915, 5.9915, 4.9698, 0, 
145.4378, 143.9698, 115.6644, 103.9698, 20.6664, 11.9915, 6.6664, 5.9915, 0, 0, 
145.4378, 143.9698, 103.9698, 103.9698, 100.6664, 9.9915, 9.0527, 6.1821, 0, 0, 
145.4378, 143.9698, 113.9698, 103.9698, 103.9698, 103.9698, 93.6644, 26.6664, 8.9915, 6.6664, 
145.4378, 143.9698, 114.6664, 104.9915, 103.9698, 103.9698, 5.9698, 5.9698, 5.9698, 0, 
145.4378, 143.9698, 123.9698, 114.9915, 113.9698, 113.9698, 103.9698, 79.8889, 7.6664, 5.9698, 
145.4378, 143.9698, 134.9915, 105.4378, 104.8889, 103.9698, 7.9915, 5.3945, 0, 0, 
145.4378, 143.9698, 125.6644, 104.9915, 103.9698, 80.6664, 54.3945, 16.3945, 9.9915, 8.5162, 
145.4378, 143.9698, 115.271, 113.9698, 103.9698, 103.9698, 42.6644, 38.9915, 21.6644, 4.9698, 
145.4378, 143.9698, 115.6644, 114.9915, 37.9915, 20.6644, 11.9698, 9.271, 6.9915, 4.9698, 
145.4378, 143.9698, 105.271, 103.9698, 20.3778, 10.6664, 9.9915, 7.9915, 7.9698, 0, 
145.4378, 143.9698, 114.9915, 114.9915, 104.9915, 103.9698, 8.6644, 7.9698, 7.4378, 0, 
145.4378, 143.9698, 114.4161, 113.9698, 95.6644, 22.271, 10.9915, 10.271, 7.9915, 0, 
145.4378, 143.9698, 114.9915, 104.9915, 104.4161, 25.9915, 24.6664, 16.6644, 9.6664, 6.9698, 
145.4378, 143.9698, 71.9915, 71.9915, 70.9698, 46.2499, 24.7958, 7.9915, 7.6664, 6.868, 
145.4378, 143.9698, 135.271, 113.9698, 113.9698, 11.9915, 7.6664, 6.9915, 6.6644, 5.9698, 
145.4378, 143.9698, 123.9698, 105.5162, 103.9698, 9.868, 8.9698, 7.5162, 5.4161, 4.9698, 
145.4378, 143.9698, 105.868, 105.1821, 71.7808, 10.1821, 6.4161, 4.9698, 0, 0, 
145.4378, 143.9698, 90.6664, 81.9915, 71.9915, 11.2543, 10.0527, 9.6664, 8.9915, 0, 
145.4378, 143.9698, 101.271, 86.1821, 30.868, 9.6664, 9.5162, 9.4161, 8.7003, 5.2781, 
145.4378, 143.9698, 104.6664, 56.4378, 21.4378, 8.6644, 7.9915, 7.1821, 6.9915, 0, 
145.4378, 143.9698, 105.4378, 104.9915, 104.6664, 103.9698, 91.2781, 8.2781, 0, 0, 
145.4378, 143.9698, 125.993, 125.993, 113.3945, 103.9698, 71.9915, 65.9915, 9.3945, 6.6664, 
145.4378, 143.9698, 103.9698, 82.7003, 62.7003, 56.9915, 28.9915, 7.3945, 6.6664, 4.9698, 
145.4378, 143.9698, 114.9915, 80.6664, 45.6644, 17.3488, 12.868, 8.9698, 8.6644, 0, 
145.4378, 143.9698, 115.271, 103.9698, 103.9698, 103.7958, 57.4271, 56.5917, 7.6664, 5.9698, 
145.4378, 143.9698, 114.9915, 113.3945, 103.9698, 103.9698, 82.271, 66.8024, 17.4161, 0, 
145.4378, 143.9698, 113.9698, 104.9915, 55.8889, 19.9698, 10.9915, 8.2752, 0, 0, 
145.4378, 143.9698, 134.7808, 114.9915, 103.9698, 70.9698, 31.6664, 18.9915, 11.9915, 6.9698, 
145.4378, 143.9698, 114.4161, 114.4161, 103.9698, 90.4161, 27.7958, 6.4161, 0, 0, 
145.4378, 143.9698, 103.9698, 103.9698, 70.9698, 18.9698, 9.4161, 8.4161, 7.4161, 5.9698, 
145.4378, 143.9698, 85.4378, 70.9698, 17.9698, 11.6644, 7.9698, 7.1299, 6.9915, 5.9698, 
145.4378, 143.9698, 103.9698, 100.9698, 90.9698, 26.8024, 7.6644, 6.9915, 0, 0, 
145.4378, 143.9698, 113.9698, 113.9698, 70.9698, 70.9698, 55.9698, 30.9698, 22.9698, 11.9698, 
145.4378, 143.9698, 103.9698, 103.9698, 103.9698, 103.9698, 70.9698, 7.9698, 5.9698, 5.9698, 
145.4378, 143.9698, 103.9698, 103.9698, 70.9698, 11.9698, 8.9698, 6.9698, 5.9698, 0, 
145.4378, 143.9698, 113.9698, 113.9698, 113.3945, 103.9698, 34.9698, 7.6644, 0, 0, 
145.4378, 143.9698, 123.9698, 113.9698, 113.9698, 105.4378, 103.9698, 103.9698, 103.9698, 103.3945, 
145.4378, 143.9698, 113.9698, 103.9698, 103.9698, 14.9698, 11.9698, 10.9698, 8.9698, 0, 
145.4378, 143.9698, 113.9698, 103.9698, 103.9698, 54.7958, 16.9698, 7.9698, 6.9915, 0, 
145.4378, 143.9698, 123.9698, 103.9698, 103.9698, 103.9698, 103.9698, 14.9698, 7.9698, 6.9698, 
145.4378, 143.9698, 125.4378, 103.9698, 103.9698, 103.9698, 70.9698, 17.9698, 5.9698, 0, 
145.4378, 143.9698, 125.6644, 103.9698, 103.9698, 21.9915, 17.4378, 9.6644, 7.8024, 6.9915, 
145.4378, 143.9698, 114.9915, 103.9698, 71.9915, 23.5917, 14.2752, 8.4378, 6.6664, 0, 
145.4378, 143.9698, 123.9698, 113.9698, 104.9915, 80.6664, 72.4378, 71.9915, 71.9915, 0, 
145.4378, 143.9698, 134.9915, 104.6664, 103.9698, 103.9698, 55.4161, 0, 0, 0, 
145.4378, 143.9698, 114.9915, 104.9915, 11.9698, 11.6664, 7.3945, 6.9915, 5.9915, 0, 
145.4378, 143.9698, 104.9915, 104.9915, 103.3945, 21.9915, 12.271, 11.6664, 7.271, 6.9915, 
145.4378, 143.9698, 95.9915, 33.4378, 11.9915, 8.8024, 7.9698, 5.9915, 0, 0, 
145.4378, 143.9698, 26.8024, 19.167, 11.9915, 8.5162, 7.9915, 5.9698, 0, 0, 
145.4378, 143.9698, 104.9915, 104.8889, 104.7808, 90.6664, 90.6664, 80.6664, 5.9915, 0, 
145.4378, 143.9698, 114.9915, 114.9915, 80.6664, 34.167, 13.6664, 11.2781, 7.6664, 5.4161, 
145.4378, 143.9698, 103.9698, 100.6664, 90.9915, 86.271, 10.6664, 10.2752, 0, 0, 
145.4378, 143.9698, 123.9698, 71.4161, 54.7958, 7.9698, 6.6664, 0, 0, 0, 
145.4378, 143.9698, 104.9915, 103.9698, 103.9698, 90.6664, 80.3561, 71.6664, 8.9698, 7.6644, 
145.4378, 143.9698, 33.9915, 9.9915, 7.9915, 6.6664, 5.9698, 5.6664, 0, 0, 
145.4378, 143.9698, 113.9698, 104.9915, 96.868, 20.9915, 11.6664, 9.4378, 8.9915, 0, 
145.4378, 143.9698, 113.9698, 104.9915, 103.9698, 86.4378, 20.5162, 9.9698, 4.9698, 0, 
145.4378, 143.9698, 114.9915, 105.5162, 103.9698, 103.9698, 72.271, 14.271, 8.9915, 0, 
145.4378, 143.9698, 114.9915, 103.9698, 103.9698, 72.7346, 72.271, 19.6644, 16.271, 0, 
145.4378, 143.9698, 114.9915, 103.9698, 72.6644, 23.7346, 7.5162, 7.271, 6.9915, 5.9698, 
145.4378, 143.9698, 124.9915, 114.9915, 110.6664, 104.9915, 27.6664, 7.9915, 7.6664, 6.6664, 
145.4378, 143.9698, 125.4378, 125.0891, 104.9915, 90.6664, 10.9698, 8.9915, 6.9915, 0, 
145.4378, 143.9698, 126.4271, 115.8024, 103.9698, 99.868, 29.868, 24.9698, 12.6664, 5.9915, 
145.4378, 143.9698, 106.6573, 103.9698, 99.868, 57.9698, 20.9915, 12.8889, 11.2752, 6.6664, 
145.4378, 143.9698, 114.5452, 113.9698, 104.9915, 22.5224, 16.8024, 5.6664, 0, 0, 
145.4378, 143.9698, 108.1494, 103.9698, 13.9915, 10.271, 8.1821, 6.5917, 5.4161, 0, 
145.4378, 143.9698, 113.9318, 70.9698, 20.6664, 8.8024, 6.9915, 6.4161, 0, 0, 
145.4378, 143.9698, 115.4378, 104.9915, 104.9915, 90.6664, 10.9915, 7.9915, 6.6664, 5.7808, 
145.4378, 143.9698, 105.4378, 104.6664, 96.4378, 86.4378, 81.6664, 6.6644, 0, 0, 
145.4378, 143.9698, 105.6644, 90.6664, 86.993, 80.6664, 74.0507, 74.0507, 72.271, 0, 
145.4378, 143.9698, 115.4378, 106.4378, 91.6644, 83.2218, 55.7808, 30.2218, 0, 0, 
145.4378, 143.9698, 91.271, 90.6664, 71.9915, 27.868, 10.5684, 8.4753, 6.7808, 0, 
145.4378, 143.9698, 80.6664, 9.9915, 6.6664, 6.271, 5.6664, 4.9698, 0, 0, 
145.4378, 143.9698, 21.9915, 11.9698, 10.6644, 9.9915, 5.9915, 4.9698, 0, 0, 
145.4378, 143.9698, 104.9915, 103.9698, 103.9698, 85.9915, 13.9915, 10.6664, 8.9915, 6.9698, 
145.4378, 143.9698, 124.9915, 103.9698, 103.9698, 23.9915, 11.9698, 7.6664, 6.6644, 0, 
145.4378, 143.9698, 113.9698, 113.9698, 103.9698, 103.9698, 103.9698, 5.9698, 0, 0, 
145.4378, 143.9698, 114.9915, 113.9698, 113.9698, 103.9698, 80.6664, 22.9698, 5.9698, 4.9698, 
145.4378, 143.9698, 123.9698, 104.9915, 103.9698, 21.8889, 9.9915, 7.2752, 0, 0, 
145.4378, 143.9698, 115.6644, 104.9915, 101.9915, 71.9915, 20.6644, 8.9915, 8.4378, 7.9915, 
145.4378, 143.9698, 105.6644, 91.5162, 71.9915, 71.2781, 19.868, 10.6664, 6.9698, 0, 
145.4378, 143.9698, 113.9698, 104.9915, 100.6664, 24.6644, 10.4378, 8.9915, 7.4378, 7.4378, 
145.4378, 143.9698, 115.6644, 20.9915, 9.4378, 8.9915, 8.9698, 7.4378, 6.9698, 5.9698, 
145.4378, 143.9698, 124.9915, 114.9915, 104.9915, 95.9915, 21.6664, 8.9915, 0, 0, 
145.4378, 143.9698, 105.993, 103.9698, 71.9915, 30.9915, 23.9915, 10.9915, 9.9915, 5.8889, 
145.4378, 143.9698, 104.9915, 103.3945, 80.6664, 71.9915, 21.9698, 9.6644, 7.868, 0, 
145.4378, 143.9698, 135.271, 104.9915, 19.9915, 11.4378, 10.993, 9.6644, 8.9698, 5.9698, 
145.4378, 143.9698, 115.271, 113.9698, 104.9915, 75.8889, 63.9698, 7.9915, 6.6664, 5.7808, 
145.4378, 143.9698, 123.9698, 81.8889, 72.5162, 21.271, 6.6644, 4.9698, 0, 0, 
145.4378, 143.9698, 113.9698, 103.9698, 80.6664, 24.6664, 18.271, 12.9915, 8.9698, 5.9698, 
145.4378, 143.9698, 103.9698, 103.9698, 103.9698, 5.9915, 5.9698, 0, 0, 0, 
145.4378, 143.9698, 103.9698, 103.9698, 103.9698, 16.6644, 9.9698, 5.9698, 0, 0, 
145.4378, 143.9698, 125.6644, 123.9698, 113.9698, 103.9698, 103.9698, 90.6664, 8.9698, 0, 
145.4378, 143.9698, 114.9915, 113.9698, 103.9698, 103.9698, 10.5684, 9.4378, 6.6664, 0, 
145.4378, 143.9698, 125.5162, 104.9915, 71.9915, 71.9915, 55.9915, 14.6664, 7.6664, 4.9698, 
145.4378, 143.9698, 103.9698, 94.6644, 30.6664, 29.2781, 9.9698, 7.5162, 5.9698, 0, 
145.4378, 143.9698, 65.4161, 31.6664, 9.9698, 8.9698, 8.4378, 6.9915, 6.9698, 0, 
145.4378, 143.9698, 123.9698, 113.9698, 103.9698, 22.6664, 7.9915, 6.6664, 0, 0, 
145.4378, 143.9698, 103.9698, 103.9698, 103.9698, 80.6664, 44.9698, 18.9698, 7.9698, 5.9698, 
145.4378, 143.9698, 105.1821, 103.9698, 103.9698, 103.9698, 8.9698, 5.9698, 4.9698, 0, 
145.4378, 143.9698, 123.9698, 123.9698, 113.9698, 103.9698, 103.9698, 72.5162, 7.5452, 0, 
145.4378, 143.9698, 123.9698, 115.271, 103.9698, 103.9698, 103.9698, 81.4161, 0, 0, 
145.4378, 143.9698, 103.9698, 91.6644, 80.6664, 25.9915, 23.6664, 10.9698, 7.9915, 7.0527, 
145.4378, 143.9698, 113.3945, 103.9698, 94.9915, 66.5917, 30.6644, 6.7808, 0, 0, 
145.4378, 143.9698, 104.6664, 101.6644, 80.6664, 70.9698, 68.5917, 21.9915, 5.9698, 0, 
145.4378, 143.9698, 114.9915, 84.9915, 37.9698, 25.9915, 6.9915, 6.9698, 5.9698, 0, 
145.4378, 143.9698, 100.9915, 37.9698, 10.6644, 7.9915, 5.3945, 0, 0, 0, 
145.4378, 143.9698, 22.868, 21.4161, 9.6664, 8.9915, 7.4161, 7.3945, 5.9698, 0, 
145.4378, 143.9698, 115.4378, 71.9915, 18.9915, 9.9698, 7.8889, 6.6664, 0, 0, 
145.4378, 143.9698, 113.9698, 104.6664, 81.9915, 18.9915, 9.6644, 6.9915, 6.6644, 5.9698, 
145.4378, 143.9698, 123.9698, 113.9698, 96.6644, 90.6664, 8.9915, 7.6664, 7.3561, 4.9698, 
145.4378, 143.9698, 103.9698, 29.9698, 21.4378, 18.9698, 6.9915, 6.9698, 6.7346, 0, 
145.4378, 143.9698, 103.9698, 103.9698, 80.9698, 72.4378, 54.7958, 9.9698, 8.6664, 0, 
145.4378, 143.9698, 103.9698, 103.9698, 56.1821, 9.4378, 6.6664, 5.9698, 0, 0, 
145.4378, 143.9698, 113.9698, 113.9698, 113.9698, 103.9698, 103.9698, 12.0507, 9.271, 0, 
145.4378, 143.9698, 123.9698, 103.9698, 80.6664, 30.9315, 11.9915, 9.6644, 0, 0, 
145.4378, 143.9698, 115.6644, 113.3945, 105.4378, 103.9698, 80.9915, 37.9915, 9.3945, 5.9698, 
145.4378, 143.9698, 123.9698, 91.868, 80.9915, 54.3945, 19.6644, 7.6644, 6.3945, 0, 
145.4378, 143.9698, 104.6664, 92.271, 54.3945, 37.6644, 12.271, 6.6644, 5.7958, 0, 
145.4378, 143.9698, 115.4378, 71.9915, 64.3945, 18.3945, 14.868, 6.9915, 5.9915, 0, 
145.4378, 143.9698, 113.9698, 86.271, 70.9698, 55.6664, 30.9915, 8.9915, 8.9698, 8.271, 
145.4378, 143.9698, 113.9698, 113.9698, 104.8889, 103.9698, 24.9698, 9.9915, 0, 0, 
145.4378, 143.9698, 133.9698, 113.9698, 103.9698, 103.9698, 85.5162, 13.9698, 4.9698, 4.9698, 
145.4378, 143.9698, 123.9698, 103.9698, 103.9698, 56.4378, 19.9698, 7.9915, 6.6664, 5.2781, 
145.4378, 143.9698, 115.4378, 104.6664, 103.9698, 103.9698, 64.3945, 56.6644, 54.3945, 0, 
145.4378, 143.9698, 104.9915, 103.9698, 103.9698, 103.9698, 80.6664, 55.6644, 6.9915, 0, 
145.4378, 143.9698, 135.6644, 103.9698, 103.9698, 103.9698, 54.3945, 8.9698, 7.9915, 5.9698, 
145.4378, 143.9698, 113.9698, 103.9698, 103.9698, 103.9698, 103.9698, 17.9698, 10.2752, 4.9698, 
145.4378, 143.9698, 113.9698, 103.9698, 71.9915, 11.6664, 9.6644, 7.9698, 7.3778, 5.9698, 
145.4378, 143.9698, 113.9698, 104.6664, 103.9698, 103.9698, 81.9915, 65.4161, 7.6664, 6.9915, 
145.4378, 143.9698, 103.9698, 103.9698, 103.9698, 65.4161, 64.7958, 56.5162, 31.9698, 4.9698, 
145.4378, 143.9698, 113.9698, 103.9698, 103.9698, 103.9698, 51.271, 20.9698, 12.4161, 4.9698, 
145.4378, 143.9698, 103.9698, 103.3945, 81.7808, 19.4378, 7.9698, 6.9698, 5.9698, 0, 
145.4378, 143.9698, 104.9915, 103.9698, 91.5452, 71.7808, 71.7808, 32.9698, 10.6664, 6.9698, 
145.4378, 143.9698, 104.2781, 103.9698, 72.271, 19.9698, 9.0527, 6.4161, 0, 0, 
145.4378, 143.9698, 124.9915, 103.9698, 103.9698, 103.7958, 71.7808, 9.6664, 6.6664, 6.2781, 
145.4378, 143.9698, 104.9915, 103.9698, 103.9698, 103.9698, 30.4271, 11.9698, 11.8024, 0, 
145.4378, 143.9698, 124.9915, 103.9698, 33.9915, 10.6644, 7.7958, 0, 0, 0, 
145.4378, 143.9698, 114.9915, 114.9915, 103.9698, 6.9915, 5.9698, 5.4161, 4.9698, 0, 
145.4378, 143.9698, 103.9698, 103.7958, 71.2781, 23.9915, 22.9915, 12.9915, 7.9915, 6.9915, 
145.4378, 143.9698, 103.9698, 103.9698, 103.3945, 82.4378, 81.4161, 71.9915, 56.271, 0, 
145.4378, 143.9698, 133.9698, 103.9698, 103.9698, 11.6664, 10.6664, 8.5162, 7.3945, 5.9915, 
145.4378, 143.9698, 113.9698, 56.271, 28.6644, 8.9698, 7.9915, 5.9698, 5.4161, 0, 
145.4378, 143.9698, 114.9915, 105.6644, 104.2781, 103.9698, 37.9698, 7.9698, 7.9698, 0, 
145.4378, 143.9698, 105.4378, 104.9915, 100.6664, 81.9915, 30.9698, 17.993, 6.6664, 0, 
145.4378, 143.9698, 104.6664, 55.4161, 8.993, 8.9698, 7.6664, 6.868, 6.6664, 0, 
145.4378, 143.9698, 21.2781, 11.6644, 10.6644, 7.4378, 7.4378, 7.4161, 5.9915, 0, 
145.4378, 143.9698, 105.6644, 105.6644, 104.6664, 103.9698, 24.9698, 22.6644, 9.9915, 5.9915, 
145.4378, 143.9698, 104.9915, 81.271, 10.9915, 5.9698, 5.8889, 0, 0, 0, 
145.4378, 143.9698, 104.9915, 103.9698, 103.9698, 103.9698, 82.271, 27.993, 6.9915, 0, 
145.4378, 143.9698, 115.8024, 113.9698, 103.9698, 87.0527, 29.6664, 14.9915, 5.9698, 0, 
145.4378, 143.9698, 115.868, 113.9698, 103.9698, 55.4161, 36.6664, 10.9698, 6.9698, 5.9698, 
145.4378, 143.9698, 103.9698, 103.7958, 65.6664, 20.9915, 14.6664, 12.271, 6.9698, 5.7958, 
145.4378, 143.9698, 124.9915, 124.6664, 114.6664, 104.9915, 103.9698, 54.7958, 17.6664, 8.2543, 
145.4378, 143.9698, 133.9698, 124.9915, 113.9698, 86.4378, 70.9698, 10.9915, 7.9915, 0, 
145.4378, 143.9698, 115.4378, 103.9698, 66.5162, 27.6664, 19.9698, 7.9915, 7.3945, 0, 
145.4378, 143.9698, 103.9698, 90.6664, 56.6644, 56.4378, 56.271, 8.9915, 7.5162, 0, 
145.4378, 143.9698, 103.9698, 81.7808, 81.7808, 74.9915, 64.3945, 54.3945, 0, 0, 
145.4378, 143.9698, 104.6664, 86.5162, 85.0507, 77.4378, 71.7808, 7.9915, 5.9915, 4.9698, 
145.4378, 143.9698, 104.6664, 103.9698, 80.6664, 27.6664, 20.5162, 5.9915, 5.7808, 0, 
145.4378, 143.9698, 114.6664, 104.2781, 103.9698, 103.9698, 71.7808, 8.1299, 4.9698, 0, 
145.4378, 143.9698, 114.6664, 114.2781, 103.9698, 103.9698, 71.7808, 18.6664, 7.9698, 6.9698, 
145.4378, 143.9698, 113.9698, 103.9698, 103.3945, 72.271, 64.3945, 24.9698, 8.4161, 0, 
145.4378, 143.9698, 113.9698, 103.9698, 103.3945, 82.271, 14.9698, 10.6644, 8.9698, 0, 
145.4378, 143.9698, 72.271, 71.8889, 70.9698, 70.9698, 8.6644, 6.6644, 5.9698, 0, 
145.4378, 143.9698, 114.2781, 91.8889, 72.6644, 72.271, 71.4161, 8.9698, 6.9698, 5.9698, 
145.4378, 143.9698, 123.9698, 103.9698, 72.271, 70.9698, 31.9315, 17.868, 4.9698, 4.3945, 
145.4378, 143.9698, 103.9698, 103.9698, 103.9698, 71.9915, 23.9698, 7.9915, 5.9698, 0, 
145.4378, 143.9698, 103.9698, 103.9698, 82.6644, 55.9698, 7.3945, 4.3945, 0, 0, 
145.4378, 143.9698, 123.9698, 103.9698, 103.9698, 103.9698, 47.9698, 8.9698, 7.9698, 7.9698, 
145.4378, 143.9698, 103.9698, 103.9698, 103.9698, 103.9698, 103.9698, 11.9698, 6.9698, 4.9698, 
145.4378, 143.9698, 113.9698, 103.9698, 103.9698, 103.9698, 80.6664, 10.9915, 5.9698, 4.9698, 
145.4378, 143.9698, 103.9698, 103.9698, 103.9698, 103.9698, 103.9698, 22.9698, 11.6664, 5.9698, 
145.4378, 143.9698, 113.9698, 104.9915, 103.9698, 103.9698, 103.9698, 103.9698, 99.7808, 56.5162, 
145.4378, 143.9698, 115.8024, 115.4378, 114.9915, 104.6664, 72.271, 71.9915, 8.3945, 6.7808, 
145.4378, 143.9698, 124.6664, 86.6644, 11.9915, 9.4161, 7.9698, 0, 0, 0, 
145.4378, 143.9698, 114.6664, 104.6664, 103.9698, 71.6664, 6.3945, 5.9698, 0, 0, 
145.4378, 143.9698, 114.6664, 103.9698, 80.6664, 20.9915, 12.9698, 7.6664, 7.4378, 0, 
145.4378, 143.9698, 113.9698, 103.9698, 103.9698, 54.7958, 34.6664, 31.6664, 0, 0, 
145.4378, 143.9698, 104.2781, 103.9698, 90.6664, 19.9698, 6.9698, 5.9698, 5.9698, 5.7808, 
145.4378, 143.9698, 123.9698, 114.6664, 104.9915, 103.9698, 90.6664, 48.9698, 6.9698, 0, 
145.4378, 143.9698, 115.6644, 103.9698, 90.6664, 22.9915, 22.9698, 11.9915, 8.9915, 5.9698, 
145.4378, 143.9698, 113.9698, 103.9698, 103.9698, 90.6664, 8.4378, 7.5162, 4.9698, 0, 
145.4378, 143.9698, 104.6664, 103.3945, 34.6664, 6.9698, 5.6664, 4.9698, 0, 0, 
145.4378, 143.9698, 113.3945, 109.6644, 23.6664, 10.993, 9.4271, 9.3945, 6.9698, 0, 
145.4378, 143.9698, 115.6644, 113.9698, 103.3945, 90.6664, 17.9915, 6.9915, 4.7958, 4.7958, 
145.4378, 143.9698, 103.3945, 72.271, 9.9915, 9.9698, 7.9915, 6.4378, 5.9698, 0, 
145.4378, 143.9698, 82.6664, 72.271, 11.4271, 7.6664, 6.9698, 0, 0, 0, 
145.4378, 143.9698, 115.6644, 105.993, 103.9698, 91.9915, 0, 0, 0, 0, 
145.4378, 143.9698, 115.6644, 105.6644, 93.271, 18.993, 8.6664, 7.4378, 5.6664, 0, 
145.4378, 143.9698, 123.9698, 114.9915, 114.9915, 114.9915, 107.4271, 36.6644, 9.8889, 7.6664, 
145.4378, 143.9698, 114.9915, 113.9698, 101.868, 90.6664, 73.4271, 73.1107, 8.167, 7.9025, 
145.4378, 143.9698, 121.6644, 116.4753, 101.993, 26.993, 17.9915, 11.6133, 0, 0, 
145.4378, 143.9698, 104.9915, 99.5414, 37.6664, 14.3271, 7.271, 7.1107, 6.0891, 0, 
145.4378, 143.9698, 114.7808, 103.9698, 103.9698, 90.6664, 9.3271, 7.4271, 7.2781, 0, 
145.4378, 143.9698, 125.868, 103.9698, 37.9915, 11.6664, 10.9915, 9.9915, 9.7808, 0, 
145.4378, 143.9698, 135.7346, 104.6664, 96.4271, 72.6644, 18.6664, 8.3945, 0, 0, 
145.4378, 143.9698, 123.9698, 114.4161, 70.9698, 23.271, 7.6664, 0, 0, 0, 
145.4378, 143.9698, 104.9915, 103.9698, 90.6664, 21.9698, 7.9915, 0, 0, 0, 
145.4378, 143.9698, 124.6664, 113.9698, 106.3271, 103.9698, 103.9698, 71.9915, 56.5162, 8.9698, 
145.4378, 143.9698, 103.9698, 59.0507, 55.4161, 22.3945, 17.9698, 16.9915, 13.7041, 0, 
145.4378, 143.9698, 103.9698, 101.4378, 90.167, 65.4161, 59.1078, 30.2218, 15.6133, 0, 
145.4378, 143.9698, 114.9915, 106.2218, 103.9698, 103.9698, 81.9915, 9.6664, 7.4161, 7.0527, 
145.4378, 143.9698, 125.5162, 112.4753, 103.9698, 72.271, 7.868, 6.9915, 6.1821, 0, 
145.4378, 143.9698, 115.5162, 103.9698, 103.9698, 80.6664, 31.9915, 12.9698, 12.3778, 0, 
145.4378, 143.9698, 104.6664, 103.9698, 103.9698, 82.0527, 80.6664, 9.5162, 8.0507, 6.6664, 
145.4378, 143.9698, 124.9915, 103.9698, 100.6664, 80.6664, 14.9698, 8.9698, 8.6664, 5.9698, 
145.4378, 143.9698, 124.6664, 105.6644, 105.6644, 104.9915, 80.6664, 80.6664, 0, 0, 
145.4378, 143.9698, 115.4378, 104.9915, 82.5162, 80.9698, 14.9698, 6.6664, 6.4378, 0, 
145.4378, 143.9698, 103.9698, 80.9698, 72.5162, 65.9915, 11.4378, 9.9915, 8.5684, 0, 
145.4378, 143.9698, 82.5162, 71.6664, 54.7958, 18.271, 6.9698, 6.5162, 5.9698, 0, 
145.4378, 143.9698, 103.9698, 103.3945, 100.6664, 71.6664, 37.9698, 19.3945, 11.9915, 0, 
145.4378, 143.9698, 113.9698, 113.9698, 103.9698, 103.9698, 103.9698, 103.9698, 5.6664, 0, 
145.4378, 143.9698, 103.9698, 103.9698, 103.9698, 91.4161, 22.9698, 6.9698, 5.9698, 0, 
145.4378, 143.9698, 103.9698, 103.9698, 103.9698, 71.4161, 10.4161, 6.9698, 6.4161, 0, 
145.4378, 143.9698, 123.9698, 113.9698, 103.9698, 103.9698, 103.9698, 103.9698, 4.9698, 0, 
145.4378, 143.9698, 113.9698, 103.9698, 103.9698, 103.9698, 103.9698, 24.9698, 23.9698, 5.9698, 
145.4378, 143.9698, 113.9698, 103.9698, 103.3945, 9.4378, 5.9698, 0, 0, 0, 
145.4378, 143.9698, 103.9698, 100.6664, 14.271, 7.4753, 6.9698, 5.9698, 4.9698, 0, 
145.4378, 143.9698, 124.9915, 82.271, 21.9698, 19.4161, 7.4378, 6.6664, 5.9698, 0, 
145.4378, 143.9698, 113.9698, 103.9698, 100.9915, 90.9915, 82.5162, 57.9698, 8.271, 8.271, 
145.4378, 143.9698, 103.9698, 72.9315, 64.3945, 47.9698, 39.271, 9.4378, 0, 0, 
145.4378, 143.9698, 103.9698, 103.9698, 103.9698, 47.9698, 38.9698, 8.993, 7.9698, 0, 
145.4378, 143.9698, 123.9698, 116.4271, 113.9698, 103.9698, 103.9698, 70.9698, 0, 0, 
145.4378, 143.9698, 115.8024, 114.9915, 113.9698, 106.167, 90.6664, 81.6664, 70.9698, 11.993, 
145.4378, 143.9698, 84.9915, 17.4161, 8.9698, 8.4378, 7.6664, 7.5162, 7.1821, 0, 
145.4378, 143.9698, 114.9915, 105.271, 71.9915, 38.9698, 37.9698, 7.9915, 7.6644, 5.6664, 
145.4378, 143.9698, 125.271, 114.6664, 105.5162, 104.6664, 73.0527, 72.868, 19.6664, 10.868, 
145.4378, 143.9698, 125.5162, 72.7346, 72.271, 71.9915, 29.8833, 19.4378, 8.6644, 7.271, 
145.4378, 143.9698, 106.9406, 74.9698, 72.5162, 30.6644, 27.271, 20.4161, 6.868, 0, 
145.4378, 143.9698, 117.1551, 105.6644, 104.9915, 103.9698, 72.271, 64.9698, 19.6664, 0, 
145.4378, 143.9698, 100.2218, 86.868, 86.8637, 57.4753, 10.6664, 10.6644, 5.9698, 0, 
145.4378, 143.9698, 90.4161, 73.7424, 73.7424, 58.8134, 34.6644, 17.4161, 6.7346, 0, 
145.4378, 143.9698, 24.7808, 11.6133, 11.4682, 9.9698, 5.9915, 0, 0, 0, 
145.4378, 143.9698, 113.9698, 103.9698, 56.6644, 8.4161, 6.3561, 5.6664, 4.9698, 0, 
145.4378, 143.9698, 103.9698, 71.4161, 20.6664, 19.9698, 7.9698, 0, 0, 0, 
145.4378, 143.9698, 124.9915, 113.9698, 92.271, 70.9698, 20.6664, 7.4161, 0, 0, 
145.4378, 143.9698, 114.9915, 114.9915, 99.4378, 22.4378, 9.9698, 6.9915, 5.9698, 5.2781, 
145.4378, 143.9698, 103.3945, 92.0527, 45.9915, 8.9915, 0, 0, 0, 0, 
145.4378, 143.9698, 115.6644, 103.9698, 82.6644, 18.3945, 7.4271, 5.3945, 4.7958, 0, 
145.4378, 143.9698, 90.9698, 41.9915, 8.6644, 5.9698, 0, 0, 0, 0, 
145.4378, 143.9698, 100.6664, 92.6644, 70.9698, 20.9915, 14.9915, 13.9915, 6.9698, 0, 
145.4378, 143.9698, 124.9915, 105.4378, 103.9698, 66.0891, 7.993, 7.9915, 4.9698, 0, 
145.4378, 143.9698, 115.6644, 104.9915, 103.9698, 91.4378, 20.9915, 7.9915, 6.9698, 0, 
145.4378, 143.9698, 124.9915, 114.9915, 105.4378, 103.9698, 103.9698, 103.9698, 80.9915, 9.9915, 
145.4378, 143.9698, 103.9698, 71.9915, 10.9915, 6.7346, 0, 0, 0, 0, 
145.4378, 143.9698, 113.9698, 103.9698, 86.271, 80.6664, 9.9915, 7.271, 5.7808, 0, 
145.4378, 143.9698, 115.271, 113.9698, 81.1821, 80.9698, 7.9915, 7.271, 6.9915, 5.2781, 
145.4378, 143.9698, 123.9698, 115.6644, 103.9698, 70.9698, 64.3945, 54.3945, 10.271, 8.6644, 
145.4378, 143.9698, 125.6644, 115.6644, 103.9698, 90.6664, 37.9698, 24.9698, 6.9915, 0, 
145.4378, 143.9698, 106.2752, 85.9915, 23.9915, 20.9698, 8.9915, 8.6644, 4.9698, 0, 
145.4378, 143.9698, 126.4271, 72.271, 45.4271, 21.2752, 16.9915, 9.9915, 8.6644, 0, 
145.4378, 143.9698, 104.6664, 72.271, 72.271, 10.0147, 9.4378, 5.9698, 0, 0, 
145.4378, 143.9698, 96.5162, 84.3178, 72.271, 22.9915, 13.9915, 9.6644, 7.9698, 5.9698, 
145.4378, 143.9698, 72.271, 42.0527, 33.4753, 11.7424, 4.9698, 0, 0, 0, 
145.4378, 143.9698, 115.4378, 17.9698, 11.9315, 10.3778, 7.7346, 4.9698, 0, 0, 
145.4378, 143.9698, 103.9698, 76.9315, 58.4682, 54.7958, 9.7808, 0, 0, 0, 
145.4378, 143.9698, 114.9915, 113.9698, 68.7641, 67.7003, 56.9315, 7.7808, 0, 0, 
145.4378, 143.9698, 114.9915, 104.9915, 104.9915, 103.9698, 80.6664, 27.6664, 24.9915, 24.9698, 
145.4378, 143.9698, 114.9915, 103.9698, 103.9698, 103.9698, 5.9915, 0, 0, 0, 
145.4378, 143.9698, 123.9698, 103.9698, 103.9698, 103.9698, 6.9698, 5.9698, 4.9698, 0, 
145.4378, 143.9698, 113.9698, 113.9698, 11.9698, 7.9698, 5.9698, 4.9698, 0, 0, 
145.4378, 143.9698, 124.9915, 115.1821, 103.9698, 30.6664, 18.9915, 7.9698, 7.9698, 5.6664, 
145.4378, 143.9698, 124.9915, 103.9698, 92.271, 18.9915, 14.0507, 11.6664, 8.9915, 0, 
145.4378, 143.9698, 104.9915, 103.9698, 103.9698, 70.9698, 7.9915, 7.6664, 0, 0, 
145.4378, 143.9698, 114.9915, 104.9915, 103.9698, 103.9698, 71.8889, 23.9698, 7.9698, 5.9698, 
145.4378, 143.9698, 115.4378, 114.8889, 71.9915, 12.6644, 7.8024, 7.4378, 6.9915, 0, 
145.4378, 143.9698, 114.9915, 113.9698, 91.9915, 21.3561, 18.6664, 13.1821, 11.868, 0, 
145.4378, 143.9698, 105.6644, 103.9698, 82.6644, 44.6664, 19.271, 11.6664, 8.7808, 6.9915, 
145.4378, 143.9698, 113.9698, 113.9698, 104.2781, 101.271, 37.6644, 10.5917, 9.271, 0, 
145.4378, 143.9698, 113.9698, 113.9698, 103.9698, 81.9915, 18.9698, 11.9698, 0, 0, 
145.4378, 143.9698, 103.9698, 103.9698, 103.9698, 103.9698, 90.6664, 18.9915, 6.7808, 0, 
145.4378, 144.2781, 143.9698, 114.9915, 104.2781, 103.9698, 103.9698, 21.4378, 5.4161, 0, 
145.4378, 144.2781, 115.271, 114.2781, 113.9698, 64.3945, 55.6664, 6.9915, 0, 0, 
145.4378, 144.2781, 104.6664, 81.5452, 33.6664, 9.6644, 8.9698, 6.6664, 4.7958, 0, 
145.4378, 144.2781, 82.4378, 81.6644, 27.4378, 9.9698, 7.9698, 6.271, 6.0891, 0, 
145.4378, 144.2781, 81.4378, 72.1821, 56.6644, 9.8024, 9.4378, 5.9915, 5.2781, 4.9698, 
145.4378, 144.2781, 124.8889, 114.6664, 104.6664, 96.6133, 70.9698, 57.5684, 56.4378, 6.9315, 
145.4378, 144.2781, 103.3945, 95.271, 29.6644, 12.9698, 11.2781, 8.3271, 7.1821, 6.6664, 
145.4378, 144.2781, 103.3945, 90.4161, 80.6644, 22.6664, 10.868, 9.6644, 7.6664, 6.6664, 
145.4378, 144.2781, 81.4161, 79.9915, 71.4161, 70.9698, 14.6664, 6.1821, 5.9698, 0, 
145.4378, 144.2781, 103.3945, 103.3945, 91.868, 89.9915, 85.6644, 81.4161, 6.8024, 4.7958, 
145.4378, 144.2781, 103.7958, 71.4161, 71.4161, 12.271, 9.4161, 7.8637, 7.3561, 6.1821, 
145.4378, 144.2781, 100.6664, 71.4161, 70.9698, 36.8024, 24.6664, 5.3945, 0, 0, 
145.4378, 144.2781, 114.6664, 105.6644, 104.2781, 81.6644, 14.993, 7.9698, 4.9698, 0, 
145.4378, 144.2781, 114.6664, 105.4378, 81.4378, 71.9915, 25.6644, 22.8024, 6.5917, 6.4378, 
145.4378, 144.2781, 124.6664, 114.2781, 106.7424, 103.9698, 80.9698, 66.8889, 9.6664, 9.2781, 
145.4378, 144.2781, 124.8889, 105.1821, 59.5224, 54.3945, 6.8889, 5.9915, 5.8889, 0, 
145.4378, 144.2781, 114.8889, 22.2781, 10.5684, 7.8024, 7.4378, 7.1821, 0, 0, 
145.4378, 144.2781, 115.3561, 113.3945, 104.8889, 81.6644, 70.9698, 39.1821, 6.6664, 6.5917, 
145.4378, 144.2781, 115.993, 114.8889, 71.9915, 35.1821, 11.6664, 8.9915, 6.9315, 5.3945, 
145.4378, 144.2781, 113.6876, 105.6644, 105.6644, 99.4378, 30.2752, 8.9698, 8.8024, 0, 
145.4378, 144.2781, 114.9915, 108.5254, 86.6644, 83.2543, 22.978, 22.5224, 9.1107, 0, 
145.4378, 144.2781, 113.7958, 109.993, 104.2781, 93.0507, 91.868, 18.271, 8.167, 4.9698, 
145.4378, 144.2781, 112.8637, 99.993, 94.167, 64.3945, 54.3945, 12.6573, 10.1821, 6.2781, 
145.4378, 144.2781, 105.6644, 99.993, 90.3778, 89.6644, 48.2781, 8.9698, 6.993, 6.6644, 
145.4378, 144.2781, 124.2781, 102.7504, 97.4271, 83.1551, 34.868, 25.6644, 6.3945, 5.4161, 
145.4378, 144.2781, 104.9915, 82.868, 68.2218, 23.2781, 8.167, 6.993, 5.9915, 0, 
145.4378, 144.2781, 103.9698, 100.2218, 10.993, 10.6133, 8.6664, 8.6664, 7.9698, 0, 
145.4378, 144.2781, 123.9698, 104.0527, 88.0147, 81.6644, 70.9698, 18.3945, 11.868, 6.868, 
145.4378, 144.2781, 104.6664, 80.6664, 74.0147, 71.8889, 54.9698, 22.6644, 5.6664, 0, 
145.4378, 144.2781, 115.4378, 103.3945, 30.5684, 18.3945, 17.868, 8.5917, 8.167, 6.0891, 
145.4378, 144.2781, 114.9915, 82.7836, 82.271, 71.2781, 71.2781, 70.9698, 10.271, 5.2781, 
145.4378, 144.2781, 115.3561, 104.8889, 71.2781, 49.1821, 25.9025, 9.6664, 7.6664, 0, 
145.4378, 144.2781, 135.6644, 113.9698, 91.6644, 80.9698, 72.6644, 57.4753, 39.5917, 5.6664, 
145.4378, 144.2781, 115.4378, 115.1821, 104.9915, 88.4378, 74.3945, 56.6644, 20.6664, 6.9915, 
145.4378, 144.2781, 71.9915, 58.439, 56.6644, 55.2781, 18.6664, 16.993, 9.4378, 8.9915, 
145.4378, 144.2781, 81.6644, 70.9698, 59.4724, 57.167, 56.868, 12.8024, 5.5452, 0, 
145.4378, 144.2781, 82.271, 73.8241, 33.9087, 28.271, 11.4378, 9.993, 5.6664, 0, 
145.4378, 144.2781, 90.6664, 86.993, 82.271, 71.6664, 71.6664, 19.5162, 8.8637, 6.4378, 
145.4378, 144.2781, 105.6644, 103.3945, 80.6664, 71.6664, 19.4378, 10.6644, 5.6664, 0, 
145.4378, 144.2781, 113.3945, 90.9698, 80.9915, 72.6644, 64.3945, 21.993, 8.6876, 7.993, 
145.4378, 144.2781, 124.9915, 115.6644, 104.6664, 103.3945, 103.3945, 71.2781, 6.6664, 4.9698, 
145.4378, 144.2781, 124.9915, 115.4378, 113.9698, 105.4378, 103.9698, 90.6664, 8.4378, 7.271, 
145.4378, 144.2781, 123.9698, 114.6664, 89.4378, 16.3561, 14.9915, 12.3945, 10.9915, 7.993, 
145.4378, 144.6664, 144.2781, 114.9915, 106.3271, 104.6664, 72.271, 70.9698, 70.9698, 27.6664, 
145.4378, 144.6664, 114.2781, 104.6664, 81.6644, 22.6664, 8.6644, 4.9698, 0, 0, 
145.4378, 144.6664, 115.4378, 103.3945, 103.3945, 99.7346, 93.271, 19.271, 7.271, 6.1821, 
145.4378, 144.6664, 125.8024, 123.9698, 101.271, 72.993, 34.6664, 8.4378, 8.3945, 7.3945, 
145.4378, 144.6664, 115.4378, 82.167, 81.993, 55.4161, 9.3945, 7.271, 6.6664, 5.7808, 
145.4378, 144.6664, 113.3945, 105.5917, 85.6644, 82.1107, 71.4161, 49.993, 19.271, 10.1107, 
145.4378, 144.6664, 96.6644, 91.271, 72.271, 19.2781, 17.4753, 6.3945, 0, 0, 
145.4378, 144.6664, 104.6664, 99.868, 89.993, 15.5162, 14.1209, 9.6664, 9.271, 7.9698, 
145.4378, 144.6664, 111.4378, 105.4378, 18.993, 13.868, 8.5224, 6.9698, 4.7958, 0, 
145.4378, 144.6664, 125.4378, 115.6644, 105.993, 104.9915, 82.271, 14.3945, 9.993, 0, 
145.4378, 144.6664, 124.9915, 103.9698, 65.8889, 41.993, 26.4796, 20.5162, 0, 0, 
145.4378, 144.6664, 115.8024, 115.6644, 5.6664, 5.6664, 0, 0, 0, 0, 
145.4378, 144.6664, 91.271, 82.9315, 72.271, 71.9915, 18.4378, 10.993, 9.271, 9.271, 
145.4378, 144.6664, 126.0527, 106.4378, 93.7003, 73.271, 71.9915, 0, 0, 0, 
145.4378, 144.6664, 114.6664, 111.271, 57.5684, 21.5224, 15.4271, 7.4378, 0, 0, 
145.4378, 144.6664, 120.868, 90.6664, 86.271, 81.868, 8.868, 6.6664, 6.271, 0, 
145.4378, 144.6664, 103.3945, 91.868, 87.3271, 72.271, 72.271, 18.4378, 9.9915, 7.271, 
145.4378, 144.6664, 103.3945, 40.868, 10.6664, 7.6644, 7.271, 0, 0, 0, 
145.4378, 144.6664, 103.3945, 91.271, 72.271, 14.868, 8.8637, 5.3945, 5.3945, 0, 
145.4378, 144.6664, 104.6664, 93.271, 72.5162, 24.1821, 8.9915, 7.4271, 6.9915, 0, 
145.4378, 144.6664, 96.4378, 90.6664, 82.271, 21.3561, 12.271, 9.4378, 0, 0, 
145.4378, 144.6664, 100.6664, 81.271, 80.6664, 32.4378, 10.4378, 7.993, 7.4378, 0, 
145.4378, 144.6664, 113.3945, 106.2752, 104.6664, 101.271, 54.3945, 9.3945, 7.4378, 6.4378, 
145.4378, 144.6664, 126.7424, 106.2752, 104.6664, 88.4682, 86.4378, 73.271, 0, 0, 
145.4378, 144.6664, 113.3945, 106.2752, 55.6664, 28.978, 21.993, 12.7424, 7.868, 6.6644, 
145.4378, 144.6664, 116.4271, 115.993, 113.3945, 103.3945, 103.3945, 38.7424, 12.271, 7.868, 
145.4378, 144.6664, 115.6644, 115.4378, 115.4378, 81.271, 52.6133, 11.6644, 0, 0, 
145.4378, 144.6664, 103.3945, 95.9915, 72.271, 71.6664, 18.993, 15.6644, 13.167, 8.2781, 
145.4378, 144.6664, 101.993, 82.5162, 82.271, 21.3945, 10.868, 10.3945, 9.9915, 8.993, 
145.4378, 144.6664, 83.3271, 80.9915, 72.271, 11.4378, 8.167, 4.9698, 0, 0, 
145.4378, 144.6664, 134.9915, 106.2752, 103.9698, 96.271, 81.6644, 11.7003, 7.9915, 5.3945, 
145.4378, 144.6664, 71.9915, 71.4161, 71.4161, 23.993, 22.9698, 9.4378, 6.6664, 0, 
145.4378, 144.6664, 91.4161, 21.271, 18.6573, 17.6664, 10.271, 8.6664, 7.3945, 0, 
145.4378, 144.6664, 124.6664, 115.4378, 104.8889, 104.6664, 18.271, 9.868, 8.3945, 0, 
145.4378, 144.6664, 113.3945, 105.8024, 105.8024, 90.271, 85.9915, 9.6664, 5.3945, 0, 
145.4378, 144.6664, 123.3945, 115.6644, 66.6644, 9.993, 7.6644, 7.2781, 6.271, 0, 
145.4378, 144.6664, 135.6644, 113.3945, 97.5684, 71.4161, 56.8024, 54.9698, 24.6664, 4.3945, 
145.4378, 144.6664, 113.3945, 103.3945, 46.8024, 13.6573, 8.5684, 7.8637, 6.3945, 0, 
145.4378, 144.6664, 113.3945, 104.9915, 101.271, 96.993, 55.9915, 8.6664, 8.6644, 0, 
145.4378, 144.6664, 113.3945, 91.271, 72.6644, 38.6664, 34.271, 13.6664, 9.7836, 6.6664, 
145.4378, 144.6664, 99.868, 91.271, 72.271, 71.6664, 54.3945, 8.868, 7.6664, 6.6664, 
145.4378, 144.6664, 103.3945, 82.5162, 17.9915, 11.3561, 9.4378, 8.271, 7.9915, 0, 
145.4378, 144.6664, 123.3945, 81.4378, 81.271, 31.6664, 19.7641, 9.7641, 0, 0, 
145.4378, 144.6664, 144.6664, 104.4161, 99.271, 95.7808, 48.993, 29.7389, 27.4378, 6.3945, 
145.4378, 144.6664, 125.4378, 105.271, 80.6664, 70.9698, 54.3945, 17.6664, 0, 0, 
145.4378, 144.6664, 116.6644, 114.6664, 103.3945, 82.271, 73.271, 25.271, 22.6664, 6.3945, 
145.4378, 144.6664, 124.9915, 72.6644, 72.4161, 71.4161, 21.4378, 7.4378, 0, 0, 
145.4378, 144.6664, 103.9698, 103.3945, 21.4378, 21.4161, 18.993, 10.9915, 7.993, 6.6664, 
145.4378, 144.6664, 113.7958, 103.9698, 90.6664, 81.271, 64.3945, 7.6664, 7.4161, 0, 
145.4378, 144.6664, 103.9698, 91.4378, 80.9698, 66.271, 30.6664, 20.9698, 12.9915, 0, 
145.4378, 144.6664, 124.6664, 113.9698, 113.3945, 105.9915, 80.9698, 13.993, 9.4378, 0, 
145.4378, 144.6664, 123.3945, 103.3945, 92.271, 9.6664, 8.3945, 7.6644, 0, 0, 
145.4378, 144.6664, 115.6644, 113.3945, 105.4378, 103.3945, 72.271, 6.271, 5.6664, 4.3945, 
145.4378, 144.6664, 125.4378, 104.9915, 99.6644, 90.6664, 82.271, 21.0527, 11.9915, 8.9915, 
145.4378, 144.6664, 114.9915, 104.9915, 104.9915, 102.6644, 72.6644, 20.9915, 11.9915, 9.4378, 
145.4378, 145.4378, 144.6664, 125.6644, 113.9698, 103.9915, 48.4378, 10.868, 7.271, 6.9915, 
145.4378, 145.4378, 125.9915, 103.9698, 103.3945, 8.439, 6.9915, 6.9915, 6.8889, 0, 
145.4378, 145.4378, 113.9698, 113.3945, 103.3945, 85.9915, 40.9915, 39.4378, 7.6644, 0, 
145.4378, 145.4378, 133.9698, 105.4378, 72.271, 72.271, 70.9698, 70.9698, 31.6644, 0, 
145.4378, 145.4378, 124.9915, 103.9698, 103.9698, 100.9915, 36.9915, 18.6664, 8.2218, 0, 
145.4378, 145.4378, 103.3945, 18.3945, 14.3945, 8.4378, 7.4378, 7.3945, 7.167, 0, 
145.4378, 145.4378, 133.3945, 80.6664, 80.6664, 72.271, 22.868, 13.6664, 12.271, 0, 
145.4378, 145.4378, 101.3561, 71.9915, 54.3945, 32.868, 19.9915, 10.868, 8.271, 5.7808, 
145.4378, 145.4378, 115.868, 64.9698, 32.6644, 31.6664, 12.4378, 9.4378, 0, 0, 
145.4378, 145.4378, 73.167, 56.4378, 54.3945, 54.3945, 10.271, 9.3793, 7.271, 6.9915, 
145.4378, 145.4378, 71.6664, 66.4378, 65.2781, 20.4378, 13.5162, 6.271, 0, 0, 
145.4378, 145.4378, 80.6664, 66.4378, 19.9915, 12.868, 9.6644, 6.6664, 0, 0, 
145.4378, 145.4378, 105.271, 80.6664, 72.271, 56.993, 39.4378, 36.6664, 25.4378, 6.4378, 
145.4378, 145.4378, 135.6644, 91.271, 81.9915, 55.9915, 38.7346, 11.4378, 8.271, 0, 
145.4378, 145.4378, 115.4378, 102.0527, 95.9915, 93.993, 82.9915, 8.6644, 5.6664, 0, 
145.4378, 145.4378, 96.4378, 91.2218, 82.271, 72.271, 40.9915, 18.9315, 11.4378, 7.6644, 
145.4378, 145.4378, 93.3488, 80.7346, 78.4753, 72.993, 56.7346, 56.4378, 12.6133, 8.9915, 
145.4378, 145.4378, 93.0861, 92.271, 29.6644, 11.0527, 7.9915, 7.271, 6.868, 0, 
145.4378, 145.4378, 110.3271, 103.2543, 101.6644, 83.4753, 13.271, 8.9915, 6.993, 0, 
145.4378, 145.4378, 83.4271, 56.868, 34.3271, 34.271, 11.1551, 10.4378, 9.4378, 7.6644, 
145.4378, 145.4378, 81.9915, 71.9915, 57.1107, 56.7346, 9.8024, 8.868, 7.271, 0, 
145.4378, 145.4378, 111.6644, 71.6664, 55.9915, 23.9915, 15.4378, 9.0147, 6.9915, 0, 
145.4378, 145.4378, 105.868, 80.6664, 9.993, 8.2752, 7.4378, 7.271, 6.993, 0, 
145.4378, 145.4378, 115.4378, 105.8024, 105.4378, 101.993, 101.271, 9.6644, 0, 0, 
145.4378, 145.4378, 115.6644, 83.0527, 81.868, 73.0527, 18.6644, 10.868, 7.6664, 7.271, 
145.4378, 145.4378, 72.6644, 72.271, 29.167, 8.868, 8.6644, 8.271, 7.7424, 5.9915, 
145.4378, 145.4378, 115.4378, 106.6573, 91.4378, 72.271, 10.5917, 9.5162, 9.2218, 7.271, 
145.4378, 145.4378, 108.2218, 82.271, 71.6664, 27.0527, 24.7346, 15.2218, 8.271, 0, 
145.4378, 145.4378, 125.9315, 100.6664, 45.3488, 12.3778, 10.271, 9.868, 0, 0, 
145.4378, 145.4378, 116.6573, 105.8024, 22.6644, 21.6664, 12.868, 6.868, 0, 0, 
145.4378, 145.4378, 115.868, 115.4378, 99.4378, 89.6644, 88.9087, 8.6644, 7.6644, 6.4378, 
145.4378, 145.4378, 116.868, 115.6644, 93.993, 67.0527, 22.4271, 20.271, 7.4378, 6.6644, 
145.4378, 145.4378, 92.271, 92.0527, 57.1107, 57.1107, 13.4271, 6.993, 6.4378, 6.271, 
145.4378, 145.4378, 114.9915, 91.993, 87.2218, 72.8024, 12.4378, 8.6644, 7.9915, 0, 
145.4378, 145.4378, 89.4378, 83.2752, 82.271, 82.271, 72.271, 10.6664, 10.4378, 9.868, 
145.4378, 145.4378, 104.9915, 96.868, 89.6644, 72.271, 72.271, 71.9915, 56.6644, 0, 
145.4378, 145.4378, 125.6644, 71.9915, 66.1821, 17.9915, 12.9915, 11.6644, 10.271, 5.9915, 
145.4378, 145.4378, 72.271, 66.4378, 56.271, 20.271, 9.8889, 8.6644, 8.271, 7.9915, 
145.4378, 145.4378, 125.4378, 80.9915, 71.8889, 52.4378, 25.271, 12.6644, 9.8637, 9.8024, 
145.4378, 145.4378, 106.6133, 105.5162, 82.4378, 23.6133, 16.5162, 10.8889, 8.8889, 7.4378, 
145.4378, 145.4378, 115.4378, 109.868, 83.2218, 82.271, 25.1821, 12.9915, 7.4378, 0, 
145.4378, 145.4378, 87.0527, 58.3488, 11.6664, 11.5162, 9.6644, 7.9915, 6.8024, 0, 
145.4378, 145.4378, 115.271, 81.993, 72.271, 55.6664, 36.6664, 8.6081, 0, 0, 
145.4378, 145.4378, 83.0861, 82.6644, 81.6644, 80.9915, 72.6644, 72.6644, 23.4378, 10.9915, 
145.4378, 145.4378, 114.9915, 104.9915, 96.993, 92.4271, 11.271, 0, 0, 0, 
145.4378, 145.4378, 125.4378, 92.0527, 71.9915, 14.4378, 14.4378, 10.1209, 8.9915, 7.5917, 
145.4378, 145.4378, 90.6664, 81.868, 72.271, 10.6644, 7.6644, 0, 0, 0, 
