0952698655055503801004870337567872691,8282653576367734113070635,72564700492389,
167545269865505550380100487033756787261508,526986550555038010048703377872691,8282613070635,
167545269865505550380100487033756787261508,5675452698787265081675452698787265081,526986550555038010048703377872691,
16754526986550555038010048703375672569010045081,167545269865505550380100487033756787261508,767545269865505550380100487033752981315081,
16754325690,16754526986550555038010048703375672569010045081,167545269865505550380100487033756787261508,
16754325690,16754526986550555038010048703375672569010045081,86754325256901004,
46754526986550754325604870337,16754325690,16754526986550555038010048703375672569010045081,
46754526986550754325604870337,16754325690,0292416,
46754526986550754325604870337,16754325690,3665507543256048710,
46754526986550754325604870337,16754325690,167543202,
66754325621,46754526986550754325604870337,16754325690,
66754325621,46754526986550754325604870337,16447543201,
66754325621,46754526986550754325604870337,16754526987543256337467754325633,
66754325621,46754526986550754325604870337,164465507543256048733,
66754325621,46754526986550754325604870337,6675432526986550954325604191,
66754325621,46754526986550754325604870337,967543274675432,
66754325621,46754526986550754325604870337,16754325629,
66754325621,46754526986550754325604870337,4675452636663802,
66754325621,46754526986550754325604870337,66554526986550754325604870316,
66754325621,46754526986550754325604870337,7665507543266049864667543256746655075432660498,
66754325621,46754526986550754325604870337,3666754325674665507543266047466675432,
7545269865507543204870337,667546675432567466550754326604746667543374675466754325674665507543266047466675433,4666754325674665507543266047465507543256048723,
7545269865507543204870337,8543221,667546675432567466550754326604746667543374675466754325674665507543266047466675433,
7545269865507543204870337,3665507543204874685,8543221,
2543221,9543202,66754667543256746655085432214,
2543221,9543202,667547675432567466550852583,
2543221,9543202,0543202,
2543221,9543202,9543220,
2543221,9543202,154254322,
2543221,9543202,9542302,
2543221,9543202,254325925,
2543221,9543202,3543221,
2543221,9543202,5543221,
254845425,2543221,9543202,
254845425,954326995,2543221,
254845425,954326995,954326095,
254845425,954326995,9543260595432,
254845425,954326995,9543226,
254845425,954326995,9544043954404,
254845425,954326995,9545471592432,
254845425,954326995,354546943295454694329,
954326921,154327159597159595421,4543271595954595432,
954326921,4543251595959597159595424,154327159597159595421,
954326921,4543251595959597159595424,4543259597159595419,
954326921,4543251595959597159595424,254325159595959715959595426,
954326921,4543251595959597159595424,65432595959445432,
954326921,4543251595959597159595424,45432515959795971594454445432,
954326921,4543251595959597159595424,954325959544195,
954326921,4543251595959597159595424,154325959544119,
954326921,4543251595959597159595424,4543259544193,
954326921,4543251595959597159595424,5543251595939,
954326921,4543251595959597159595424,95432595959597159595419,
954326921,4543251595959597159595424,45432595419,
954326921,4543251595959597159595424,4542009,
954326921,4543251595959597159595424,5543251595959597159594542009,
954326921,4543251595959597159595424,9543251596995,
954326921,4543251595959597159595424,45432595954595432,
954326921,4543251595959597159595424,4543241595959597159595493,
954326921,4543251595959597159595424,454325139,
954326921,4543251595959597159595424,354325119,
954326921,4543251595959597159595424,754324454445432,
75432445419,4543224,454325159695969445432,
75432445419,4543224,2543221,
75432445419,4543224,9543221,
75432445419,4543224,7543224,
75432445419,4543224,8542424,
75432445419,4543224,55432447540895,
75432445419,4543224,4543294,
75432445419,4543224,8543235,
7543235,75432445419,4543224,
7543235,75432445419,15432446543224,
7543235,75432445419,454324465432565432,
7543235,75432445419,75432547543235,
7543235,75432445419,6543235,
7543235,75432445419,55416444454675416,
7543235,75432445419,0543235,
7543235,75432445419,1543235,
7543235,75432445419,0543235,
7543235,354327543235,75432445419,
7543235,354327543235,45432447543235,
7543235,3543224,354327543235,
7543235,3543224,35479354323,
7543235,3543224,3543235,
7543235,3543224,3543324,
7543235,3543224,7543235,
7543235,3543224,3543235,
7543235,3543224,054354322,
7543235,3543224,9543224,
7543235,3543224,2543224,
7543235,3543224,1543235,
7543235,3543224,1543235,
7543235,3543224,354324135,
7543235,3543224,3543225,
7543235,3543224,0543224,
7543235,3543224,8543224,
7543235,3543224,3543235,
7543235,3543224,8543235,
7543235,3543224,3543224,
7543235,3543224,6540635,
7543235,3543224,3543235,
7543235,3543224,4543224,
7543235,3543224,0543224,
7543235,3543224,1543235,
9543224,7543235,3543224,
9543224,7543235,9543224,
9543224,7543235,2543235,
9543224,7543235,3543235,
9543224,7543235,7543235,
9543224,7543235,7543224,
9543224,7543235,2543224,
9543224,7543235,9543224,
9543224,7543235,1543224,
9543224,9543224,7543235,
9543224,9543224,7543224,
9543224,9543224,5543224,
9543224,9543224,0543224,
9543224,9543224,9543224,
9543224,9543224,954662495,
9543224,9543224,3543224,
9543224,9543224,8549124,
9543224,9543224,454854912,
9543224,9543224,6543224,
9543224,9543224,8543224,
9543224,9543224,9543228,
9543224,9543224,1543224,
9543224,9543224,8543224,
9543224,9543224,4543224,
9543224,9543224,7543224,
9543224,9543224,9543224,
9543224,9543224,954325395,
9543224,9543224,9543224,
9543224,9543224,9543224,
9543224,9543224,2543224,
9543224,9543224,9543224,
9543224,9543224,7543224,
9543224,9543224,6543224,
9543224,9543224,7543224,
9543224,9543224,0543224,
9543224,9543224,8543224,
9543224,9543224,7543224,
9543224,9543224,7543226,
9543224,9543224,9543224,
9543224,9543224,4543224,
9543224,9543224,9543224,
9543224,9543224,2543224,
9543224,9543224,9542125,
9543224,9543224,954224212522,
9543224,9543224,3543224,
9543224,9543224,7543224,
9543224,9543224,0543224,
9543224,9543224,9543224,
9543224,9543224,5543224,
9543224,9543224,5543224,
9543224,9543224,8543224,
9543224,9543224,1543224,
9543224,9543224,5543224,
9543224,9543224,954325695,
9543224,9543224,9543205,
9543224,9543224,5543224,
9543224,9543224,9543224,
9543224,9543224,9543224,
9543224,9543224,9543224,
9543224,9543224,854954322,
9543224,9543224,8543224,
9543224,9543224,5543224,
9543224,9543224,9543224,
9543224,9543224,7543224,
9543224,9543224,5543224,
9543224,9543224,9543224,
9543224,9543224,3543224,
9543224,9543224,0543224,
9543224,9543224,0543224,
9543224,9543224,8543224,
9543224,9543224,7543224,
9543224,9543224,954542495,
9543224,9543224,0543224,
9543224,9543224,0543224,
9543224,9543224,9543224,
9543224,9543224,8541924,
9543224,9543224,2543224,
9543224,9543224,1543224,
9543224,9543224,9542724,
9543224,9543224,3543224,
9543224,9543224,3543224,
9543224,9543224,4543224,
9543224,9543224,9543210,
9543224,9543224,954327995,
9543224,9543224,754327543224,
9543224,9543224,3543224,
9543224,9543224,1543224,
9543224,9543224,7543224,
9543224,9543224,954703895,
9543224,9543224,1543224,
9543224,9543224,554954322,
9543224,9543224,954325395,
9543224,9543224,954327695,
9543224,9543224,9543224,
9543224,9543224,3543224,
9543224,9543224,954402995,
9543224,9543224,1543224,
9543224,9543224,2543224,
9543224,9543224,9543224,
9543224,9543224,9542639,
9543224,9543224,4543224,
9543224,9543224,5543424,
9543224,9543224,9543224,
9543224,9543224,3543224,
9543224,9543224,4543224,
9543224,9543224,3543224,
9543224,9543224,954324695,
9543224,9543224,054799905,
9543224,9543224,3543224,
9543224,9543224,9543224,
9543224,9543224,5543224,
9543224,9543224,2543224,
9543224,9543224,9543108,
9543224,9543224,9543224,
9543224,9543224,3543224,
9543224,9543224,4543224,
9543224,9543224,9543224,
9543224,9543224,8543224,
9543224,9543224,6543224,
9543224,9543224,6543224,
9543224,9543224,5543285,
9543224,9543224,6543224,
9543224,9543224,6543224,
9543224,9543224,9543229,
9543224,9543224,2543224,
9543224,9543224,2543229,
9543224,9543224,9543224,
9543224,9543224,9543224,
9543224,9543224,9543203,
9543224,9543224,9543224,
9543224,9543224,7543224,
9543224,9543224,9543224,
9543224,9543224,9543224,
9543224,9543224,954307495,
9543224,9543224,6543224,
9543224,9543224,9543224,
9543224,9543224,9543224,
9543224,9543224,9543224,
9543224,9543224,6543228,
9543224,9543224,3543208,
9543224,9543224,7543215,
9543224,9543224,1543217,
9543224,9543224,7543224,
9543224,9543224,3543224,
9543224,9543224,854542485,
9543224,9543224,2543224,
9543224,9543224,6543224,
9543224,9543224,054492205,
9543224,9543224,7543224,
9543224,9543224,9543224,
9543224,9543224,1543224,
9543224,9543224,95468209546820954682095468209,
9543224,9543224,054956322,
9543224,9543224,154954292129,
9543224,9543224,2543224,
9543224,9543224,954326995,
9543224,9543224,8543295,
9543224,9543224,8543224,
9543224,9543224,8543224,
9543224,9543224,3543224,
9543224,9543224,954542495,
9543224,9543224,4543224,
9543224,9543224,4549424,
9543224,9543224,954324695,
9543224,9543224,9543224,
9543224,9543224,1543224,
9543224,9543224,1543224,
9543224,9543224,2543224,
9543224,9543224,7543224,
9543224,9543224,2543224,
9543224,9543224,6543224,
9543224,9543224,7543224,
9543224,9543224,9543231,
9543224,9543224,9543234,
9543224,9543224,3543224,
9543224,9543224,1543224,
9543224,9543224,9543224,
9543224,9543224,5543224,
9543224,9543224,5543224,
9543224,9543224,5543224,
9543224,9543224,6543224,
9543224,9543224,1543224,
9543224,9543224,7543224,
9543224,9543224,4543224,
9543224,9543224,1543224,
9543224,9543224,9543224,
9543224,9543224,3543224,
9543224,9543224,154533715,
9543224,9543224,154324715,
9543224,9543224,954226395,
9543224,9543224,5543206,
9543224,9543224,254254322,
9543224,9543224,8543224,
9543224,9543224,9543224,
9543224,9543224,3543224,
9543224,9543224,6543224,
9543224,9543224,5543224,
9543224,9543224,6543224,
9543224,9543224,954324395,
9543224,9543224,8543283,
9543224,9543224,4543524,
9543224,9543224,7543224,
9543224,9543224,1543224,
9543224,9543224,4541229,
9543224,9543224,9543224,
9543224,9543224,7543224,
9543224,9543224,1543224,
9543224,9543224,8543224,
9543224,9543224,0543224,
9543224,9543224,9543224,
9543224,9543224,9543224,
9543224,9543224,7543224,
9543224,9543224,9543224,
9543224,9543224,1542524,
9543224,9543224,1543224,
9543224,9543224,6543224,
9543224,9543224,9543224,
9543224,9543224,9543224,
9543224,9543224,0540724,
9543224,9543224,954512495,
9543224,9543224,9543224,
9543224,9543224,9543224,
9543224,9543224,9543224,
9543224,9543224,854325385,
9543224,9543224,854957543224,
9543224,9543224,4543224,
9543224,9543224,9543024,
9543224,9543224,954498095,
9543224,9543224,9543224,
9543224,9543224,6543224,
9543224,9543224,1543224,
9543224,9543224,1543224,
9543224,9543224,854792485,
9543224,9543224,1543224,
9543224,9543224,354327035,
9543224,9543224,1543224,
9543224,9543224,0543224,
9543224,9543224,2543224,
9543224,9543224,8543224,
9543224,9543224,1543224,
9543224,9543224,8543226,
9543224,9543224,6543226,
9543224,9543224,8543224,
9543224,9543224,5543226,
9543224,9543224,3543226,
9543224,9543224,954642495,
9543224,9543224,0543224,
9543224,9543224,9543224,
9543224,9543224,5543224,
9543224,9543224,9540424,
9543224,9543224,7543224,
9543224,9543224,7543224,
9543224,9543224,9543204,
9543224,9543224,8543224,
9543224,9543224,9543224,
9543224,9543224,9543224,
9543224,9543224,3543224,
9543224,9543224,8543224,
9543224,9543224,2543224,
9543224,9543224,4543224,
9543224,9543224,6543224,
9543224,9543224,6543224,
9543224,9543224,3543224,
9543224,9543224,5543224,
9543224,9543224,954325095,
9543224,9543224,2543214,
9543224,9543224,6543224,
9543224,9543224,6543224,
9543224,9543224,954692495,
9543224,9543224,1543224,
9543224,9543224,9542624,
9543224,9543224,9543334,
9543224,9543224,6543232,
9543224,9543224,9543224,
9543224,9543224,9543224,
9543224,9543224,7543232,
9543224,9543224,6543224,
9543224,9543224,3543224,
9543224,9543224,7543224,
9543224,9543224,954326195,
9543224,9543224,254326540024,
9543224,9543224,954366195,
9543224,9543224,354324135,
9543224,9543224,9543221,
9543224,9543224,3543221,
9543224,9543224,9543224,
9543224,9543224,9543224,
9543224,9543224,1543224,
9543224,9543224,154324315,
9543224,9543224,954326095,
9543224,9543224,6543224,
9543224,9543224,8543224,
9543224,9543224,3543224,
9543224,9543224,6543224,
9543224,9543224,9543224,
9543224,9543224,9543224,
9543224,9543224,5543224,
9543224,9543224,954326395,
9543224,9543224,9543224,
9543224,9543224,3543224,
9543224,9543224,9543224,
9543224,9543224,9543224,
9543224,9543224,1542092,
9543224,9543224,2543295,
9543224,9543224,6543295,
9543224,9543224,7543224,
9543224,9543224,954326195,
9543224,9543224,6543224,
9543224,9543224,6543224,
